  YR   DOY     ChlAtl    ChlIo     ChlPac     adg443Atl   adg443Io    adg443Pac   a443Atl     a443Io	  a443Pac
 2002 197.0     0.169     0.193       NaN     0.00983     0.01104         NaN     0.03185     0.03353         NaN
 2002 228.0     0.174     0.160     0.125     0.01196     0.01037     0.00776     0.03265     0.03018     0.02564
 2002 258.5     0.213     0.174     0.138     0.01339     0.01153     0.00934     0.03685     0.03231     0.02771
 2002 289.0     0.287     0.206     0.147     0.01588     0.01206     0.00965     0.04274     0.03550     0.02914
 2002 319.5     0.401     0.315     0.244     0.01728     0.01352     0.01021     0.05054     0.04366     0.03674
 2002 350.0     0.400     0.301     0.299     0.01416     0.01278     0.01010     0.04935     0.04209     0.04095
 2003  16.0     0.406     0.243     0.167     0.01452     0.01233     0.00996     0.04908     0.03802     0.03089
 2003  45.5     0.414     0.217     0.160     0.01585     0.01301     0.00973     0.05056     0.03604     0.02963
 2003  75.0     0.311     0.207     0.163     0.01514     0.01182     0.00947     0.04524     0.03519     0.03009
 2003 105.5     0.248     0.204     0.129     0.01245     0.01099     0.00794     0.04000     0.03511     0.02718
 2003 136.0     0.228     0.201     0.144     0.01046     0.00990     0.00848     0.03838     0.03500     0.02905
 2003 166.5     0.225     0.275       NaN     0.01286     0.01128         NaN     0.03894     0.04092         NaN
 2003 197.0     0.205     0.178       NaN     0.01281     0.01121         NaN     0.03585     0.03274         NaN
 2003 228.0     0.211     0.181     0.149     0.01540     0.01334     0.01084     0.03657     0.03356     0.02904
 2003 258.5     0.249     0.194     0.158     0.01689     0.01420     0.01210     0.04000     0.03478     0.03060
 2003 289.0     0.443     0.279     0.189     0.02078     0.01509     0.01297     0.05226     0.04066     0.03382
 2003 319.5     0.505     0.380     0.272     0.01880     0.01497     0.01129     0.05687     0.04800     0.03940
 2003 350.0     0.477     0.436     0.358     0.01647     0.01376     0.01012     0.05475     0.05030     0.04421
 2004  16.0     0.402     0.313     0.273     0.01550     0.01267     0.01050     0.04996     0.04207     0.03861
 2004  46.0     0.346     0.219     0.168     0.01462     0.01183     0.01047     0.04585     0.03545     0.03137
 2004  76.0     0.366     0.207     0.158     0.01506     0.01232     0.00984     0.04781     0.03514     0.03057
 2004 106.5     0.318     0.205     0.146     0.01510     0.01095     0.00914     0.04561     0.03534     0.02972
 2004 137.0     0.273     0.226     0.164     0.01326     0.01138     0.00818     0.04252     0.03768     0.03165
 2004 167.5     0.308     0.213       NaN     0.01772     0.01116         NaN     0.04794     0.03663         NaN
 2004 198.0     0.257     0.208       NaN     0.01645     0.01351         NaN     0.04209     0.03628         NaN
 2004 229.0     0.230     0.184     0.155     0.01639     0.01253     0.01182     0.03897     0.03356     0.03023
 2004 259.5     0.243     0.190     0.158     0.01903     0.01318     0.01226     0.04099     0.03423     0.03060
 2004 290.0     0.280     0.277     0.169     0.01911     0.01657     0.01241     0.04392     0.04144     0.03201
 2004 320.5     0.348     0.364     0.213     0.01664     0.01728     0.01235     0.04743     0.04860     0.03591
 2004 351.0     0.516     0.314     0.360     0.01884     0.01544     0.01190     0.05740     0.04364     0.04525
 2005  16.0     0.448     0.261     0.221     0.01753     0.01431     0.01138     0.05292     0.03935     0.03487
 2005  45.5     0.450     0.236     0.165     0.01950     0.01392     0.01092     0.05409     0.03763     0.03094
 2005  75.0     0.368     0.212     0.164     0.01964     0.01327     0.01092     0.05038     0.03588     0.03099
 2005 105.5     0.313     0.198     0.156     0.01816     0.01231     0.01136     0.04678     0.03489     0.03053
 2005 136.0     0.328     0.228     0.254     0.01876     0.01403     0.01657     0.04816     0.03806     0.04145
 2005 166.5     0.353     0.241       NaN     0.02559     0.01594         NaN     0.05307     0.04034         NaN
 2005 197.0     0.218     0.182       NaN     0.01297     0.01156         NaN     0.03765     0.03362         NaN
 2005 228.0     0.214     0.184     0.154     0.01620     0.01411     0.01227     0.03783     0.03396     0.03021
 2005 258.5     0.223     0.183     0.154     0.01579     0.01291     0.01100     0.03857     0.03366     0.03003
 2005 289.0     0.274     0.234     0.162     0.01624     0.01265     0.01129     0.04307     0.03778     0.03109
 2005 319.5     0.409     0.327     0.188     0.01568     0.01473     0.01102     0.05231     0.04465     0.03355
 2005 350.0     0.526     0.341     0.249     0.01892     0.01595     0.01170     0.05970     0.04600     0.03774
 2006  16.0     0.436     0.260     0.199     0.02009     0.01488     0.01147     0.05114     0.03931     0.03342
 2006  45.5     0.347     0.205     0.156     0.01665     0.01368     0.01096     0.04543     0.03490     0.02996
 2006  75.0     0.350     0.200     0.153     0.01878     0.01348     0.01044     0.04841     0.03513     0.02992
 2006 105.5     0.357     0.207     0.158     0.02330     0.01401     0.01097     0.05139     0.03613     0.03044
 2006 136.0     0.281     0.244     0.208     0.01897     0.01728     0.01755     0.04353     0.03955     0.03608
 2006 166.5     0.302     0.241       NaN     0.02578     0.01923         NaN     0.04770     0.04034         NaN
 2006 197.0     0.223     0.204       NaN     0.01840     0.01530         NaN     0.03927     0.03644         NaN
 2006 228.0     0.217     0.188     0.159     0.01663     0.01480     0.01295     0.03814     0.03468     0.03095
 2006 258.5     0.229     0.187     0.151     0.01635     0.01341     0.01261     0.03907     0.03427     0.02987
 2006 289.0     0.313     0.262     0.169     0.01653     0.01349     0.01192     0.04517     0.03995     0.03216
 2006 319.5     0.416     0.422     0.194     0.01915     0.01672     0.01244     0.05284     0.04973     0.03423
 2006 350.0     0.462     0.405     0.247     0.02069     0.01787     0.01308     0.05406     0.04872     0.03795
 2007  16.0     0.419     0.261     0.195     0.01989     0.01591     0.01253     0.05189     0.03965     0.03366
 2007  45.5     0.401     0.217     0.157     0.02000     0.01460     0.01165     0.05124     0.03608     0.03033
 2007  75.0     0.335     0.210     0.163     0.01851     0.01361     0.01159     0.04691     0.03582     0.03069
 2007 105.5     0.288     0.203     0.161     0.01804     0.01345     0.01215     0.04378     0.03564     0.03097
 2007 136.0     0.259     0.210     0.269     0.01672     0.01442     0.02112     0.04157     0.03666     0.04247
 2007 166.5     0.406     0.258       NaN     0.02523     0.02181         NaN     0.05415     0.04303         NaN
 2007 197.0     0.237     0.193       NaN     0.01441     0.01430         NaN     0.03998     0.03544         NaN
 2007 228.0     0.226     0.170     0.156     0.01600     0.01122     0.01090     0.03901     0.03223     0.03033
 2007 258.5     0.228     0.180     0.149     0.01327     0.01179     0.01036     0.03766     0.03304     0.02909
 2007 289.0     0.296     0.235     0.164     0.01515     0.01200     0.01008     0.04447     0.03773     0.03100
 2007 319.5     0.414     0.362     0.226     0.01601     0.01419     0.01100     0.05044     0.04548     0.03675
 2007 350.0     0.452     0.313     0.288     0.01723     0.01514     0.01270     0.05177     0.04256     0.04097
 2008  16.0     0.436     0.233     0.209     0.01771     0.01416     0.01218     0.05025     0.03728     0.03447
 2008  46.0     0.344     0.216     0.186     0.01733     0.01437     0.01178     0.04599     0.03601     0.03269
 2008  76.0     0.285     0.206     0.162     0.01573     0.01342     0.01136     0.04252     0.03546     0.03096
 2008 106.5     0.312     0.194     0.192     0.01836     0.01256     0.01350     0.04630     0.03466     0.03484
 2008 137.0     0.348     0.210     0.328     0.02128     0.01339     0.02386     0.05083     0.03727     0.05123
 2008 167.5     0.343     0.292       NaN     0.02621     0.02544         NaN     0.05521     0.05003         NaN
 2008 198.0     0.278     0.210       NaN     0.01860     0.01535         NaN     0.04579     0.03824         NaN
 2008 229.0     0.221     0.177     0.172     0.01490     0.01183     0.01315     0.03892     0.03322     0.03286
 2008 259.5     0.239     0.188     0.150     0.01342     0.01242     0.01047     0.03889     0.03413     0.02914
 2008 290.0     0.356     0.225     0.156     0.01685     0.01416     0.01119     0.04810     0.03781     0.03023
 2008 320.5     0.506     0.273     0.193     0.02100     0.01593     0.01248     0.05859     0.04183     0.03392
 2008 351.0     0.531     0.285     0.298     0.02286     0.01565     0.01295     0.05938     0.04097     0.04129
 2009  16.0     0.435     0.244     0.245     0.02164     0.01543     0.01250     0.05216     0.03835     0.03685
 2009  45.5     0.511     0.249     0.173     0.02809     0.01566     0.01183     0.06032     0.03867     0.03189
 2009  75.0     0.457     0.222     0.163     0.02457     0.01479     0.01156     0.05739     0.03682     0.03128
 2009 105.5     0.386     0.215     0.161     0.01925     0.01288     0.01111     0.05288     0.03650     0.03148
 2009 136.0     0.372     0.259     0.425     0.02021     0.01350     0.02749     0.05699     0.04189     0.07405
 2009 166.5     0.496     0.335       NaN     0.01761     0.01495         NaN     0.06704     0.05335         NaN
 2009 197.0     0.325     0.233       NaN     0.01249     0.00984         NaN     0.05250     0.03925         NaN
 2009 228.0     0.229     0.192     0.184     0.01280     0.00991     0.00843     0.04057     0.03414     0.03440
 2009 258.5     0.225     0.195     0.150     0.01525     0.01242     0.00929     0.03907     0.03431     0.02920
 2009 289.0     0.330     0.213     0.160     0.01988     0.01397     0.01144     0.04778     0.03623     0.03039
 2009 319.5     0.595     0.342     0.254     0.02609     0.01648     0.01385     0.06330     0.04516     0.03799
 2009 350.0     0.619     0.368     0.313     0.02422     0.01765     0.01444     0.06333     0.04621     0.04293
 2010  16.0     0.513     0.258     0.237     0.02351     0.01605     0.01304     0.05795     0.03914     0.03689
 2010  45.5     0.699     0.247     0.198     0.03075     0.01614     0.01346     0.06995     0.03864     0.03381
 2010  75.0     0.569     0.249     0.177     0.02754     0.01643     0.01200     0.06560     0.03952     0.03240
 2010 105.5     0.408     0.234     0.171     0.01603     0.01304     0.00803     0.05343     0.03857     0.03236
 2010 136.0     0.465     0.292     0.249     0.01183     0.01134     0.00645     0.05834     0.04798     0.04421
 2010 166.5     0.572     0.309       NaN     0.00978     0.00561         NaN     0.06877     0.04763         NaN
 2010 197.0     0.291     0.240       NaN     0.00735     0.00616         NaN     0.04666     0.04020         NaN
 2010 228.0     0.256     0.193     0.215     0.01295     0.00978     0.00863     0.04369     0.03519     0.04058
 2010 258.5     0.243     0.196     0.156     0.01712     0.01401     0.01024     0.04150     0.03595     0.03066
 2010 289.0     0.369     0.213     0.157     0.02044     0.01533     0.01223     0.04881     0.03673     0.03013
 2010 319.5     0.646     0.330     0.205     0.02285     0.01821     0.01324     0.06422     0.04478     0.03473
 2010 350.0     0.688     0.314     0.258     0.02451     0.01545     0.01292     0.06776     0.04316     0.03869
 2011  16.0     0.460     0.252     0.213     0.01843     0.01431     0.01124     0.05294     0.03818     0.03451
 2011  45.5     0.417     0.228     0.166     0.02161     0.01541     0.01225     0.05218     0.03648     0.03122
 2011  75.0     0.450     0.236     0.175     0.02589     0.01671     0.01244     0.05507     0.03807     0.03238
 2011 105.5     0.406     0.239     0.175     0.01706     0.01227     0.00777     0.05369     0.03898     0.03277
 2011 136.0     0.386     0.268     0.266     0.01086     0.00642     0.01004     0.05728     0.04206     0.05556
 2011 166.5     0.410     0.340       NaN     0.00582     0.00786         NaN     0.05765     0.05292         NaN
 2011 197.0     0.293     0.266       NaN     0.00569     0.00578         NaN     0.04588     0.03996         NaN
 2011 228.0     0.217     0.190     0.168     0.01023     0.00966     0.00629     0.03870     0.03506     0.03282
 2011 258.5     0.229     0.178     0.159     0.01839     0.01409     0.01038     0.04022     0.03348     0.03069
 2011 289.0     0.316     0.227     0.158     0.02141     0.01513     0.01217     0.04715     0.03688     0.03020
 2011 319.5     0.593     0.328     0.195     0.02096     0.01534     0.01148     0.06080     0.04390     0.03368
 2011 350.0     0.763     0.345     0.238     0.02300     0.01589     0.01241     0.06819     0.04460     0.03693
 2012  16.0     0.476     0.255     0.194     0.02033     0.01497     0.01156     0.05561     0.03882     0.03346
 2012  46.0     0.456     0.223     0.148     0.02366     0.01367     0.00991     0.05628     0.03648     0.02957
 2012  76.0     0.350     0.212     0.149     0.01663     0.01190     0.00913     0.04823     0.03589     0.02948
 2012 106.5     0.333     0.210     0.159     0.01235     0.00924     0.00686     0.04745     0.03599     0.03092
 2012 137.0     0.304     0.272     0.406     0.00939     0.00968     0.02421     0.04646     0.04348     0.07616
 2012 167.5     0.436     0.342       NaN     0.01761     0.01265         NaN     0.06808     0.05492         NaN
 2012 198.0     0.298     0.237       NaN     0.01206     0.00781         NaN     0.04825     0.03997         NaN
 2012 229.0     0.233     0.194     0.174     0.01352     0.01104     0.00922     0.04015     0.03521     0.03297
 2012 259.5     0.232     0.181     0.152     0.01611     0.01309     0.00997     0.03942     0.03341     0.02944
 2012 290.0     0.329     0.217     0.160     0.01849     0.01353     0.01088     0.04625     0.03590     0.03054
 2012 320.5     0.514     0.358     0.234     0.01805     0.01532     0.01046     0.05870     0.04641     0.03636
 2012 351.0     0.695     0.323     0.333     0.02050     0.01460     0.01145     0.06843     0.04434     0.04285
 2013  16.0     0.660     0.281     0.193     0.02219     0.01538     0.01121     0.06642     0.04106     0.03243
 2013  45.5     0.478     0.244     0.181     0.02138     0.01553     0.01178     0.05658     0.03861     0.03207
 2013  75.0     0.386     0.235     0.176     0.02094     0.01494     0.01149     0.05201     0.03802     0.03231
 2013 105.5     0.394     0.236     0.205     0.01754     0.01273     0.01158     0.05244     0.03860     0.03640
 2013 136.0     0.384     0.257     0.442     0.01466     0.01052     0.02231     0.05524     0.04160     0.06738
 2013 166.5     0.477     0.309       NaN     0.01913     0.01328         NaN     0.07420     0.05201         NaN
 2013 197.0     0.312     0.258       NaN     0.01278     0.01297         NaN     0.04906     0.04404         NaN
 2013 228.0     0.248     0.214     0.219     0.01608     0.01384     0.01117     0.04230     0.03772     0.04034
 2013 258.5     0.241     0.221     0.162     0.01898     0.01771     0.01312     0.04056     0.03803     0.03142
 2013 289.0     0.354     0.244     0.179     0.02535     0.01825     0.01471     0.04989     0.03896     0.03310
 2013 319.5     0.464     0.308     0.214     0.02543     0.01710     0.01355     0.05740     0.04375     0.03571
 2013 350.0     0.458     0.370     0.277     0.02134     0.01736     0.01321     0.05466     0.04663     0.03984
 2014  16.0     0.448     0.239     0.194     0.02116     0.01464     0.01201     0.05449     0.03795     0.03301
 2014  45.5     0.511     0.232     0.182     0.02569     0.01644     0.01259     0.05945     0.03741     0.03238
 2014  75.0     0.398     0.219     0.185     0.02112     0.01382     0.01157     0.05277     0.03635     0.03314
 2014 105.5     0.356     0.222     0.207     0.01574     0.01084     0.01229     0.04966     0.03685     0.03690
 2014 136.0     0.328     0.257     0.318     0.01468     0.01279     0.01054     0.04945     0.04250     0.04800
 2014 166.5     0.481     0.306       NaN     0.03338     0.01907         NaN     0.07038     0.05109         NaN
 2014 197.0     0.301     0.256       NaN     0.02323     0.01812         NaN     0.05141     0.04348         NaN
 2014 228.0     0.247     0.219     0.190     0.02089     0.02037     0.01427     0.04288     0.03965     0.03580
 2014 258.5     0.242     0.200     0.177     0.02535     0.01845     0.01657     0.04242     0.03636     0.03357
 2014 289.0     0.290     0.238     0.184     0.02552     0.01967     0.01636     0.04597     0.03945     0.03415
 2014 319.5     0.385     0.347     0.232     0.02467     0.02069     0.01456     0.05247     0.04733     0.03759
 2014 350.0     0.498     0.424     0.262     0.02161     0.01865     0.01279     0.05776     0.04887     0.03876
 2015  16.0     0.444     0.251     0.174     0.02046     0.01511     0.01216     0.05341     0.03849     0.03175
 2015  45.5     0.383     0.218     0.169     0.02007     0.01484     0.01274     0.04976     0.03616     0.03136
 2015  75.0     0.407     0.232     0.177     0.02379     0.01623     0.01318     0.05321     0.03793     0.03261
 2015 105.5     0.411     0.235     0.186     0.02338     0.01625     0.01331     0.05416     0.03922     0.03442
 2015 136.0     0.395     0.282     0.240     0.02740     0.02090     0.00891     0.05711     0.04580     0.03738
 2015 166.5     0.417     0.341       NaN     0.03074     0.03146         NaN     0.06213     0.05693         NaN
 2015 197.0     0.351     0.275       NaN     0.03298     0.02892         NaN     0.05423     0.04768         NaN
 2015 228.0     0.259     0.217     0.194     0.02755     0.02187     0.02185     0.04445     0.03843     0.03624
 2015 258.5     0.287     0.230     0.182     0.03221     0.02491     0.02181     0.04674     0.03962     0.03446
 2015 289.0     0.343     0.244     0.179     0.03305     0.02501     0.02033     0.05003     0.04080     0.03389
 2015 319.5     0.448     0.314     0.219     0.03369     0.02446     0.01940     0.05665     0.04622     0.03755
 2015 350.0     0.492     0.316     0.242     0.02885     0.02104     0.01612     0.05737     0.04442     0.03819
 2016  16.0     0.457     0.275     0.182     0.02362     0.01833     0.01332     0.05373     0.04086     0.03194
 2016  46.0     0.409     0.230     0.159     0.02328     0.01670     0.01285     0.05097     0.03747     0.03002
 2016  76.0     0.363     0.218     0.152     0.02241     0.01612     0.01249     0.04899     0.03642     0.02967
 2016 106.5     0.323     0.228     0.183     0.02130     0.01598     0.01404     0.04683     0.03806     0.03381
 2016 137.0     0.277     0.273     0.205     0.01706     0.01750     0.01521     0.04369     0.04360     0.03751
 2016 167.5     0.404     0.364       NaN     0.02257     0.03022         NaN     0.05019     0.05837         NaN
 2016 198.0     0.288     0.274       NaN     0.02389     0.02290         NaN     0.04541     0.04406         NaN
 2016 229.0     0.234     0.199     0.190     0.02342     0.01840     0.01784     0.04078     0.03582     0.03459
 2016 259.5     0.226     0.219     0.165     0.02320     0.02087     0.01659     0.03955     0.03682     0.03140
 2016 290.0     0.325     0.287     0.189     0.02805     0.02396     0.01785     0.04793     0.04243     0.03354
 2016 320.5     0.380     0.399     0.244     0.03065     0.02795     0.01749     0.05274     0.05055     0.03807
 2016 351.0     0.487     0.362     0.256     0.03038     0.02651     0.01548     0.05832     0.04775     0.03721
 2017  16.0     0.467     0.261     0.203     0.03234     0.02037     0.01537     0.05759     0.03980     0.03373
 2017  45.5     0.518     0.250     0.170     0.03441     0.02166     0.01579     0.05890     0.03900     0.03101
