 Year  M D       IOSTZ       IOSAZ       IOPFZ       IOAAZ      IOSAACZ      POSTZ       POSAZ       POPFZ       POAAZ      POSAACZ      AOSTZ       AOSAZ       AOPFZ       AOAAZ      AOSAAC
 1997  9 15     0.25504     0.18112     0.18853     0.17979     0.21585     0.26715     0.17723     0.15366     0.16648     0.10820     0.34564     0.47131     0.19656     0.17477     0.16552
 1997 10 16     0.25901     0.18716     0.20684     0.20181     0.15529     0.28875     0.17102     0.14497     0.20121     0.09423     0.33541     0.47894     0.20144     0.20470     0.16380
 1997 11 15     0.25415     0.21564     0.22538     0.25342     0.15500     0.26712     0.18598     0.22155     0.33133     0.22698     0.32013     0.57954     0.24665     0.25308     0.23073
 1997 12 16     0.25694     0.22807     0.25853     0.35609     0.31321     0.24081     0.20120     0.33682     0.35429     0.71735     0.29085     0.54378     0.35244     0.28682     0.69934
 1998  1 16     0.21884     0.19447     0.20114     0.23786     0.32963     0.19977     0.15548     0.20036     0.21936     0.80755     0.29455     0.51265     0.35499     0.28121     0.53917
 1998  2 14     0.21273     0.19049     0.16720     0.17124     0.19018     0.17039     0.19990     0.11852     0.16079     0.65486     0.27376     0.45597     0.24085     0.27650     0.46556
 1998  3 16     0.21331     0.18079     0.15432     0.13762     0.18531     0.17914     0.19398     0.12173     0.13357     0.34222     0.30567     0.49995     0.19905     0.24663     0.28639
 1998  4 15     0.20507     0.18465     0.15164     0.12526     0.12579     0.19304     0.17841     0.12859     0.12525     0.35541     0.29430     0.43228     0.18937     0.19851     0.15387
 1998  5 16     0.20321     0.17650     0.15717     0.15179     0.10585     0.21575     0.16763     0.14281         NaN         NaN     0.28026     0.42071     0.17943     0.18360     0.12994
 1998  6 15     0.19603     0.17051     0.16968     0.21235         NaN     0.19719     0.16057         NaN         NaN         NaN     0.26178     0.52369     0.18144         NaN         NaN
 1998  7 16     0.19841     0.15094     0.15201     0.16346         NaN     0.21172     0.16659         NaN         NaN         NaN     0.25201     0.60881     0.16571     0.13972         NaN
 1998  8 16     0.20848     0.15347     0.14949     0.14772     0.12895     0.22884     0.15482     0.12597     0.16164         NaN     0.29205     0.48132     0.16256     0.15211     0.15843
 1998  9 15     0.22691     0.15691     0.15572     0.15118     0.12822     0.25942     0.16841     0.13907     0.14530         NaN     0.31820     0.42200     0.16783     0.17461     0.14441
 1998 10 16     0.25006     0.16922     0.18775     0.17411     0.13796     0.27308     0.16533     0.14648     0.16816         NaN     0.33700     0.52413     0.18363     0.25614     0.21089
 1998 11 15     0.22095     0.17854     0.25097     0.24560     0.18767     0.24939     0.16967     0.17234     0.27192     1.47704     0.32113     0.50764     0.23144     0.30365     0.18817
 1998 12 16     0.20947     0.19115     0.27465     0.34156     0.35224     0.20452     0.19569     0.25690     0.32300     0.96928     0.30486     0.47260     0.33135     0.31893     0.32659
 1999  1 16     0.19965     0.18174     0.16767     0.22496     0.45445     0.14463     0.19451     0.17591     0.28432     0.74279     0.34415     0.58078     0.42914     0.32357     0.45229
 1999  2 14     0.20311     0.18506     0.14435     0.18379     0.34273     0.14145     0.18837     0.11786     0.21228     0.58802     0.30197     0.48854     0.36176     0.28782     0.41474
 1999  3 16     0.21787     0.17738     0.15545     0.16121     0.22378     0.14921     0.21023     0.12553     0.14800     0.32623     0.26454     0.41758     0.24853     0.21267     0.18082
 1999  4 15     0.20210     0.16866     0.16402     0.14416     0.12653     0.17326     0.18139     0.12606     0.14510     0.15089     0.29138     0.37016     0.19515     0.18652     0.15002
 1999  5 16     0.21339     0.17055     0.15876     0.15761     0.11933     0.19476     0.15799     0.10040         NaN         NaN     0.28279     0.38003     0.19636     0.18924     0.15990
 1999  6 15     0.20495     0.16558     0.17386         NaN         NaN     0.19545     0.15729         NaN         NaN         NaN     0.28036     0.42908     0.20897         NaN         NaN
 1999  7 16     0.19410     0.15382     0.16318     0.18105         NaN     0.19461     0.15579         NaN         NaN         NaN     0.24407     0.36298     0.23109     0.16928         NaN
 1999  8 16     0.20913     0.15941     0.16099     0.15287     0.14058     0.22079     0.15531     0.13634     0.14017         NaN     0.28511     0.41049     0.18571     0.15535     0.14722
 1999  9 15     0.24743     0.16446     0.16662     0.15786     0.13297     0.29922     0.18521     0.13701     0.13885     0.12947     0.31145     0.47134     0.21570     0.17684     0.19031
 1999 10 16     0.26029     0.18176     0.19209     0.18465     0.13501     0.27593     0.16997     0.14865     0.17523     0.15284     0.35569     0.43317     0.22299     0.22923     0.16418
 1999 11 15     0.24651     0.18785     0.27670     0.28756     0.16901     0.23197     0.20187     0.21077     0.24239     0.49678     0.34737     0.55938     0.38372     0.36804     0.24793
 1999 12 16     0.22876     0.19517     0.29640     0.37417     0.34535     0.19363     0.20148     0.22714     0.36059     0.94096     0.30750     0.39543     0.26499     0.29744     0.42881
 2000  1 16     0.23556     0.18423     0.18127     0.27692     0.57780     0.15293     0.17823     0.16601     0.25315     0.87555     0.29548     0.39561     0.26087     0.28447     0.48969
 2000  2 15     0.22110     0.20338     0.17043     0.21098     0.42652     0.17093     0.18531     0.12585     0.18034     0.74677     0.27175     0.40868     0.22979     0.37920     0.42556
 2000  3 16     0.20202     0.17641     0.16481     0.16832     0.25173     0.17477     0.18884     0.12814     0.13405     0.30531     0.28404     0.33647     0.19024     0.38896     0.28063
 2000  4 15     0.20550     0.17548     0.15720     0.14509     0.14337     0.18212     0.16631     0.12307     0.11590     0.15979     0.28733     0.30597     0.19126     0.30189     0.28626
 2000  5 16     0.20594     0.16847     0.16938     0.15914         NaN     0.20390     0.16161     0.11445         NaN         NaN     0.27235     0.34537     0.19462     0.26861     0.28240
 2000  6 15     0.20195     0.17439     0.18856         NaN         NaN     0.20091     0.15804         NaN         NaN         NaN     0.28079     0.48637     0.22900         NaN         NaN
 2000  7 16     0.19921     0.16044     0.16744     0.16384         NaN     0.20514     0.16239         NaN         NaN         NaN     0.27390     0.50860     0.17854     0.13880         NaN
 2000  8 16     0.20309     0.15485     0.15387     0.16231     0.15148     0.20039     0.15242     0.14085     0.14560         NaN     0.29693     0.38179     0.17896     0.18192     0.18546
 2000  9 15     0.20972     0.15560     0.15582     0.16379     0.14373     0.30263     0.18293     0.14860     0.14717     0.09283     0.29451     0.36578     0.18884     0.18611     0.19387
 2000 10 16     0.23410     0.17458     0.16679     0.17539     0.15114     0.27679     0.17697     0.15987     0.17667     0.16619     0.35508     0.47029     0.20896     0.24166     0.17530
 2000 11 15     0.28308     0.20696     0.22548     0.19892     0.15224     0.23532     0.17795     0.18594     0.24787     0.21533     0.30287     0.55100     0.27069     0.29059     0.21482
 2000 12 16     0.21592     0.22528     0.24999     0.25498     0.41153     0.20513     0.20854     0.23197     0.27648     0.48909     0.34899     0.51945     0.36488     0.32134     0.47464
 2001  1 16     0.21808     0.22144     0.18248     0.22371     0.30993     0.17544     0.17814     0.12294     0.31571     0.79236     0.31903     0.51875     0.37620     0.26325     0.51694
 2001  2 14     0.22675     0.23368     0.15202     0.17577     0.22098     0.16513     0.19175     0.11043     0.25624     0.83021     0.27971     0.48101     0.32766     0.23672     0.50633
 2001  3 16     0.20338     0.21545     0.15987     0.15925     0.17186     0.17198     0.19975     0.11871     0.19367     0.50308     0.26891     0.42756     0.29476     0.24673     0.42599
 2001  4 15     0.20445     0.18754     0.15596     0.14180     0.13062     0.20033     0.17960     0.12186     0.13324     0.14527     0.27868     0.32523     0.22976     0.21260     0.15922
 2001  5 16     0.20973     0.18216     0.17872     0.17337         NaN     0.20102     0.16752         NaN         NaN         NaN     0.26450     0.41989     0.22088     0.16653     0.15068
 2001  6 15     0.20082     0.17856     0.20683     0.24812         NaN     0.20486     0.16784         NaN         NaN         NaN     0.24422     0.46799     0.24778         NaN         NaN
 2001  7 16     0.20219     0.15301     0.16515     0.17592         NaN     0.19164     0.15006         NaN         NaN         NaN     0.23900     0.50969     0.18511     0.15265         NaN
 2001  8 16     0.20982     0.15403     0.15472     0.15374     0.14258     0.21617     0.15252     0.14484     0.13234         NaN     0.27321     0.53312     0.16248     0.15888     0.15415
 2001  9 15     0.22851     0.15616     0.16264     0.15567     0.14531     0.33990     0.19234     0.13646     0.13965     0.13199     0.28057     0.43944     0.17873     0.17291     0.15301
 2001 10 16     0.24934     0.16987     0.17531     0.18479     0.21717     0.26613     0.18231     0.14018     0.21361     0.15718     0.33071     0.46782     0.21833     0.22880     0.15581
 2001 11 15     0.23567     0.19943     0.26569     0.26264     0.16123     0.24945     0.19136     0.21572     0.40607     0.70955     0.27339     0.54198     0.26276     0.35850     0.28051
 2001 12 16     0.17137     0.16484     0.31081     0.32847     0.36744     0.18755     0.19159     0.21321     0.32511     1.19738     0.25592     0.52138     0.32633     0.41227     0.39744
 2002  1 16     0.17567     0.16704     0.14275     0.18012     0.34853     0.15646     0.16931     0.15076     0.24392     1.25026     0.22959     0.49849     0.33103     0.24668     0.33978
 2002  2 14     0.17928     0.18960     0.15407     0.16578     0.22418     0.15392     0.16484     0.11844     0.19142     0.75863     0.23245     0.41110     0.22952     0.23749     0.28992
 2002  3 16     0.20395     0.19815     0.14536     0.13601     0.16841     0.15986     0.15489     0.11074     0.14953     0.26744     0.25781     0.37390     0.20305     0.20330     0.27438
 2002  4 15     0.21649     0.20115     0.15556     0.13531     0.13390     0.19253     0.15564     0.11805     0.10874     0.16170     0.25960     0.37097     0.20270     0.18907     0.25464
 2002  5 16     0.20759     0.19264     0.18009     0.16656         NaN     0.19455     0.16131         NaN         NaN         NaN     0.27068     0.43758     0.21463     0.16493     0.16114
 2002  6 15     0.19207     0.17582     0.25633     0.18986         NaN     0.20444     0.16869         NaN         NaN         NaN     0.25812     0.54148     0.23854         NaN         NaN
 2002  7 16     0.19527     0.16123     0.20688     0.18864         NaN     0.20009     0.16168         NaN         NaN         NaN     0.25470     0.68277     0.19520     0.13761         NaN
 2002  8 16     0.21047     0.16355     0.16584     0.16208     0.15542     0.21789     0.16114     0.14173     0.13674         NaN     0.27454     0.56712     0.17358     0.17561     0.17089
 2002  9 15     0.20948     0.15719     0.16733     0.16830     0.16845     0.27303     0.17063     0.14230     0.14361     0.13549     0.32934     0.52170     0.19631     0.18104     0.16908
 2002 10 16     0.22903     0.18143     0.18811     0.17942     0.16964     0.30264     0.18110     0.13921     0.16351     0.08278     0.34956     0.69359     0.22138     0.26159     0.35103
 2002 11 15     0.23158     0.23038     0.27928     0.22829     0.21157     0.34829     0.22359     0.15938     0.25164     0.18527     0.36868     0.65480     0.22971     0.31664     0.27438
 2002 12 16     0.24584     0.22565     0.23568     0.26234     0.53935     0.23906     0.22802     0.26707     0.29000     0.67941     0.32786     0.63068     0.32488     0.32648     0.43438
 2003  1 16     0.26598     0.26351     0.16789     0.20411     0.52675     0.18805     0.19382     0.14719     0.22292     0.55482     0.29458     0.54471     0.34593     0.30319     0.64235
 2003  2 14     0.27999     0.29009     0.19297     0.16428     0.29252     0.19352     0.25071     0.13541     0.29258     0.39317     0.26715     0.53645     0.29748     0.26619     0.59634
 2003  3 16     0.24277     0.22460     0.16637     0.14732     0.20240     0.19072     0.24091     0.13274     0.23104     0.43723     0.24660     0.44850     0.23425     0.22016     0.33962
 2003  4 15     0.24392     0.21432     0.15581     0.14179     0.15576     0.19427     0.19595     0.12689     0.18813     0.21934     0.28162     0.46854     0.17913     0.20648     0.20199
 2003  5 16     0.22497     0.19950     0.14302     0.14955         NaN     0.22056     0.17135     0.14160         NaN         NaN     0.28097     0.49157     0.17455     0.18882     0.17999
 2003  6 15     0.22707     0.18243     0.19540         NaN         NaN     0.22141     0.17385         NaN         NaN         NaN     0.26514     0.51766     0.17831         NaN         NaN
 2003  7 16     0.20730     0.15354     0.16879     0.17382         NaN     0.20226     0.16028         NaN         NaN         NaN     0.27619     0.55633     0.17005     0.15009         NaN
 2003  8 16     0.20399     0.15540     0.16117     0.15089     0.14254     0.22983     0.15814     0.13998     0.14777         NaN     0.24783     0.47242     0.16504     0.15825     0.15736
 2003  9 15     0.20984     0.15819     0.17757     0.16126     0.15145     0.27120     0.17101     0.14652     0.15977     0.17146     0.29037     0.59567     0.19151     0.20397     0.18914
 2003 10 16     0.25728     0.18067     0.23892     0.20341     0.09119     0.30663     0.17861     0.14981     0.22966     0.13658     0.36174     0.71053     0.21361     0.33662     0.19501
 2003 11 15     0.25849     0.20293     0.30440     0.30284     0.22226     0.29906     0.21568     0.21307     0.39736     0.18518     0.31943     0.76681     0.27326     0.38861     0.30954
 2003 12 16     0.27821     0.24560     0.31315     0.33434     0.56593     0.25057     0.22424     0.30441     0.53333     0.98414     0.32862     0.78932     0.42930     0.32295     0.49597
 2004  1 16     0.24103     0.25103     0.22355     0.27124     0.52867     0.21564     0.23943     0.25077     0.48774     0.77806     0.27836     0.69650     0.53315     0.25949     0.63647
 2004  2 15     0.21346     0.19553     0.16014     0.18604     0.40759     0.21370     0.20119     0.12859     0.24818     0.85601     0.24748     0.46475     0.33430     0.20906     0.59440
 2004  3 16     0.21727     0.19204     0.15675     0.14843     0.23431     0.22480     0.19014     0.12132     0.17553     0.34750     0.27967     0.41537     0.24934     0.19718     0.41603
 2004  4 15     0.24771     0.19226     0.16150     0.13966     0.11602     0.24152     0.18026     0.12780     0.15413     0.27480     0.29036     0.37788     0.22165     0.19858     0.21398
 2004  5 16     0.21859     0.17719     0.15797     0.16730     0.15029     0.24445     0.19347         NaN         NaN         NaN     0.29451     0.35438     0.22414     0.18913     0.17830
 2004  6 15     0.20690     0.17003     0.17436     0.22077         NaN     0.22384     0.17393         NaN         NaN         NaN     0.27253     0.72766     0.21851         NaN         NaN
 2004  7 16     0.20870     0.15725     0.16781     0.17638         NaN     0.21643     0.16545         NaN         NaN         NaN     0.28940     0.63154     0.18677     0.15816         NaN
 2004  8 16     0.21582     0.15753     0.16074     0.16378     0.18230     0.23924     0.16425     0.13886     0.14551         NaN     0.29158     0.57049     0.20481     0.17153     0.15820
 2004  9 15     0.23889     0.16121     0.15415     0.15930     0.12522     0.27917     0.16247     0.14057     0.15175     0.13260     0.33788     0.45393     0.19598     0.21629     0.17446
 2004 10 16     0.27702     0.19362     0.20949     0.20384     0.24301     0.33280     0.18055     0.14496     0.18930     0.15726     0.36713     0.44331     0.20767     0.25123     0.16868
 2004 11 15     0.23497     0.23015     0.28594     0.29321     0.16716     0.30100     0.20283     0.17999     0.23275     0.79267     0.29676     0.49779     0.27585     0.37047     0.25445
 2004 12 16     0.22782     0.24251     0.24680     0.28802     0.34068     0.24111     0.25119     0.28147     0.41382     1.18967     0.23636     0.55079     0.52278     0.34971     0.64233
 2005  1 16     0.23752     0.20890     0.16922     0.18828     0.43962     0.23421     0.22536     0.17588     0.32258     0.96978     0.27009     0.40324     0.39403     0.30610     0.74513
 2005  2 14     0.24197     0.19085     0.14963     0.15781     0.41287     0.20884     0.27978     0.12499     0.22024     0.49323     0.27293     0.41444     0.22284     0.30858     0.44922
 2005  3 16     0.25496     0.19122     0.15202     0.15639     0.21099     0.20716     0.23628     0.13118     0.15394     0.31304     0.28717     0.36637     0.22288     0.27426     0.33372
 2005  4 15     0.23238     0.18780     0.14911     0.14721     0.15309     0.22711     0.20993     0.14382     0.17714     0.17262     0.28090     0.35284     0.20642     0.22669     0.20827
 2005  5 16     0.21800     0.18462     0.15439     0.15736         NaN     0.24161     0.19072     0.15177         NaN         NaN     0.28748     0.39746     0.21975     0.21446     0.18866
 2005  6 15     0.21506     0.17645     0.18032         NaN         NaN     0.22273     0.18420         NaN         NaN         NaN     0.26360     0.52121     0.24714         NaN         NaN
 2005  7 16     0.22077     0.16271     0.17462     0.19168         NaN     0.23212     0.17955         NaN         NaN         NaN     0.30292     0.75217     0.24668     0.17662         NaN
 2005  8 16     0.21759     0.15987     0.15923     0.15856     0.16230     0.27727     0.17749     0.13687     0.14719         NaN     0.25976     0.55445     0.20024     0.16923     0.17561
 2005  9 15     0.24568     0.16671     0.17292     0.16685     0.13447     0.34452     0.19475     0.14729     0.15138         NaN     0.30733     0.60350     0.19131     0.18141     0.18484
 2005 10 16     0.26568     0.19828     0.21398     0.18990     0.57726     0.30903     0.20450     0.15667     0.17596     0.09872     0.33057     0.63373     0.23636     0.26142     0.18965
 2005 11 15     0.26956     0.21687     0.29246     0.27375     0.18237     0.28528     0.21089     0.19941     0.36362     0.82140     0.31147     0.58136     0.36279     0.55483     0.39011
 2005 12 16     0.25221     0.23956     0.25164     0.26845     0.33629     0.23224     0.23392     0.24190     0.34118     1.04278     0.33920     0.49498     0.40955     0.51587     0.70092
 2006  1 16     0.21252     0.20106     0.18556     0.22084     0.62352     0.20848     0.20258     0.22019     0.33082     0.83398     0.29246     0.50046     0.30146     0.34993     0.93655
 2006  2 14     0.19119     0.16352     0.15793     0.18691     0.20349     0.20538     0.22201     0.12564     0.24065     0.71989     0.24920     0.43259     0.29920     0.25323     0.58927
 2006  3 16     0.20779     0.17720     0.15817     0.17810     0.15256     0.21918     0.19104     0.12487     0.15171     0.42787     0.25988     0.37563     0.24381     0.24516     0.47093
 2006  4 15     0.21078     0.17472     0.16764     0.15653     0.12640     0.23771     0.19427     0.13034     0.14029     0.29647     0.29265     0.36648     0.20607     0.27019     0.26554
 2006  5 16     0.20892     0.17237     0.16390     0.17648     0.16278     0.24254     0.19521         NaN         NaN         NaN     0.27602     0.42518     0.23034     0.18368     0.17286
 2006  6 15     0.21103     0.17402     0.18943     0.28284         NaN     0.22876     0.17825         NaN         NaN         NaN     0.26702     0.44959     0.21136         NaN         NaN
 2006  7 16     0.21711     0.15979     0.17508     0.18480         NaN     0.21859     0.17388         NaN         NaN         NaN     0.28095     0.42779     0.20936     0.20399         NaN
 2006  8 16     0.21786     0.16051     0.16341     0.15328     0.15756     0.24682     0.17026     0.15148     0.14100         NaN     0.29745     0.44770     0.18714     0.17191     0.16237
 2006  9 15     0.22074     0.16331     0.18790     0.16367     0.11595     0.33150     0.17360     0.14361     0.14806     0.16527     0.35698     0.75149     0.20733     0.19493     0.22656
 2006 10 16     0.24108     0.20378     0.24507     0.19624     0.12495     0.32980     0.19116     0.15668     0.18591     0.17925     0.36654     0.67952     0.24527     0.27010     0.20990
 2006 11 15     0.26250     0.24064     0.30676     0.37699     0.15224     0.29808     0.20465     0.17127     0.27239     1.05454     0.37062     0.61709     0.31364     0.38884     0.24942
 2006 12 16     0.24581     0.20982     0.27414     0.38293     0.50240     0.27827     0.23217     0.22680     0.27778     1.17389     0.30754     0.48287     0.44090     0.42667     0.48025
 2007  1 16     0.22601     0.21628     0.18320     0.24055     0.52112     0.24553     0.21625     0.15632     0.21935     0.80324     0.28957     0.47781     0.53221     0.31293     0.36393
 2007  2 14     0.23859     0.20771     0.16891     0.21084     0.48610     0.24745     0.23445     0.13593     0.21188     0.63480     0.34547     0.40860     0.24395     0.24316     0.31694
 2007  3 16     0.25602     0.24529     0.16159     0.17624     0.25509     0.24336     0.21726     0.13815     0.21177     0.54323     0.33016     0.36693     0.25246     0.21192     0.22089
 2007  4 15     0.25096     0.20882     0.15727     0.15108     0.15817     0.24810     0.20507     0.15193     0.18634     0.31005     0.29633     0.33631     0.20835     0.18130     0.18908
 2007  5 16     0.23262     0.18297     0.16174     0.17444     0.20670     0.24638     0.20022     0.16016         NaN         NaN     0.28887     0.42777     0.24572     0.17608     0.16540
 2007  6 15     0.22021     0.18268     0.18072     0.18759         NaN     0.22385     0.18970         NaN         NaN         NaN     0.29110     0.52344     0.24157         NaN         NaN
 2007  7 16     0.22115     0.16736     0.17369     0.18163         NaN     0.21730     0.16862         NaN         NaN         NaN     0.27446     0.42518     0.19116     0.15129         NaN
 2007  8 16     0.22361     0.16531     0.16231     0.16023     0.16428     0.24535     0.16339     0.15535     0.23385         NaN     0.26311     0.35088     0.18301     0.17947     0.18527
 2007  9 15     0.25153     0.17087     0.16738     0.16546     0.14917     0.33773     0.19438     0.15050     0.14964         NaN     0.34849     0.57704     0.22639     0.20537     0.18260
 2007 10 16     0.25150     0.18379     0.21394     0.18750     0.20692     0.29979     0.17628     0.16849     0.18647     0.11965     0.42414     0.61147     0.24069     0.24082     0.26569
 2007 11 15     0.27728     0.21281     0.27926     0.30574     0.16443     0.31491     0.20414     0.20635     0.25225     0.56520     0.33149     0.54999     0.28853     0.27230     0.25748
 2007 12 16     0.26099     0.21339     0.22520     0.35633     0.32211     0.26039     0.22292     0.25264     0.26848     0.55607     0.26454     0.59763     0.43173     0.31618     0.36530
 2008  1 16         NaN         NaN         NaN         NaN         NaN         NaN         NaN         NaN         NaN         NaN         NaN         NaN         NaN         NaN         NaN
 2008  4 15     0.24294     0.20245     0.15064     0.15007     0.12387     0.22893     0.21775     0.15896     0.21619     0.34538     0.31286     0.38405     0.21288     0.18138     0.16127
 2008  5 16     0.24273     0.18811     0.15334     0.16421         NaN     0.23267     0.19393         NaN         NaN         NaN     0.31436     0.45876     0.23988     0.18753         NaN
 2008  6 15     0.23305     0.18675     0.17145         NaN         NaN     0.23615     0.18758         NaN         NaN         NaN     0.28057     0.46585     0.22346         NaN         NaN
 2008  7 16         NaN         NaN         NaN         NaN         NaN         NaN         NaN         NaN         NaN         NaN         NaN         NaN         NaN         NaN         NaN
 2008  8 16     0.21973     0.15674     0.16224     0.15606     0.14990     0.25651     0.17370     0.15018     0.15717         NaN     0.29849     0.41585     0.18591     0.17307     0.16383
 2008  9 15     0.21956     0.16118     0.17067     0.16612     0.13671     0.36345     0.18869     0.14771     0.15437     0.15877     0.28702     0.70379     0.23233     0.20861     0.17690
 2008 10 16     0.24737     0.18898     0.20993     0.20764     0.21352     0.33499     0.17659     0.15594     0.23522     0.17317     0.36446     0.54139     0.28102     0.31634     0.22743
 2008 11 15     0.26225     0.19565     0.22728     0.31953     0.20836     0.29378     0.19219     0.19790     0.38189     0.59775     0.38210     0.59943     0.35883     0.34080     0.27697
 2008 12 16     0.25209     0.17987     0.17114     0.28651     0.34221     0.24565     0.23037     0.27481     0.37225     0.75391     0.34260     0.67360     0.53323     0.39594     0.61019
 2009  1 16     0.24996     0.20383     0.14975     0.24398     0.42523     0.23341     0.23285     0.17157     0.25733     0.70636     0.30911     0.45558     0.34393     0.32659     0.61770
 2009  2 14     0.26925     0.22166     0.15904     0.21435     0.39731     0.26151     0.25093     0.12814     0.25819     0.56580     0.30020     0.47262     0.34732     0.26091     0.58531
 2009  3 16     0.30547     0.23744     0.15396     0.18550     0.29505     0.27211     0.25126     0.13554     0.20747     0.35309     0.29159     0.42353     0.28047     0.23609     0.34119
 2009  4 15     0.26158     0.20964     0.15603     0.16434     0.12782     0.24714     0.20916     0.13577     0.19447     0.20370     0.31348     0.40971     0.25089     0.20022     0.20557
 2009  6 15     0.24443     0.20721     0.23143         NaN         NaN     0.26041     0.21413         NaN         NaN         NaN     0.37280     0.63810     0.29906         NaN         NaN
 2009  7 16     0.22172     0.17133     0.16404     0.20455         NaN     0.23157     0.18352         NaN         NaN         NaN     0.35173     0.44451     0.21627     0.19535         NaN
 2009  8 16     0.22585     0.17723     0.17480     0.16278     0.15353     0.26419     0.17188     0.15852     0.15741         NaN     0.30836     0.43948     0.20248     0.19713     0.16120
 2009  9 15     0.30863     0.13570     0.17363     0.16413     0.12235     0.35673     0.18939     0.16847     0.19316         NaN         NaN         NaN         NaN         NaN         NaN
 2009 10 16     0.32334     0.20805     0.18673     0.17197     0.12063     0.42006     0.19339     0.15188     0.18548         NaN         NaN         NaN         NaN         NaN         NaN
 2009 11 15     0.25675     0.25071     0.27054     0.29571     0.20297     0.29983     0.20282     0.21472     0.28645     0.36215     0.37877     0.78385     0.39097     0.42479     0.25854
 2009 12 16     0.25032     0.26510     0.24588     0.33491     0.88645     0.28129     0.28741     0.32058     0.41744     1.41433     0.29548     0.62678     0.45850     0.42501     0.56635
 2010  1 16     0.25175     0.23273     0.16577     0.24256     0.59982     0.25068     0.22204     0.18932     0.48459     0.97050     0.28479     0.52943     0.40749     0.36234     0.68914
 2010  2 14     0.29163     0.23048     0.16646     0.19215     0.40480     0.23669     0.23168     0.14857     0.50072     0.72021     0.30491     0.66742     0.37373     0.37553     0.53201
 2010  3 16     0.25496     0.21900     0.17508     0.19211     0.25617     0.23000     0.21813     0.14374     0.33720     0.45956     0.32919     0.57673     0.30366     0.33957     0.38397
 2010  4 15     0.24059     0.19698     0.16559     0.15867     0.15935     0.22725     0.19206     0.13323     0.17956     0.19218     0.32239     0.54425     0.23345     0.25039     0.20108
 2010  5 16     0.23289     0.19081     0.17964     0.19875         NaN     0.23752     0.20999         NaN         NaN         NaN     0.28355     0.70335     0.26881     0.20740         NaN
 2010  6 15     0.23194     0.18622     0.16966         NaN         NaN     0.25177     0.23447         NaN         NaN         NaN     0.31068     0.92266         NaN         NaN         NaN
 2010  7 16     0.21493     0.17093     0.17169     0.20986         NaN     0.24521     0.20573         NaN         NaN         NaN     0.32082     0.81774     0.25359         NaN         NaN
 2010  8 16     0.22543     0.17075     0.17171     0.16415     0.19344     0.25498     0.18176     0.15411     0.16254         NaN     0.35008     0.57879     0.20399     0.18931     0.19413
 2010  9 15     0.23303     0.17721     0.17343     0.18043     0.23138     0.29424     0.18370     0.14785     0.15862     0.19695     0.35331     0.56706     0.23914     0.19164     0.17495
 2010 10 16     0.26230     0.18123     0.18977     0.26240     0.24983     0.34501     0.19408     0.15792     0.21431     0.20746     0.35055     0.79362     0.29900     0.34132     0.16881
 2010 11 15     0.27259     0.23461     0.28685     0.38888     0.23035     0.29374     0.22242     0.19183     0.34163     1.33054     0.33742     0.70348     0.46443     0.50670     0.31488
