 Year  M D       IOSTZ       IOSAZ       IOPFZ       IOAAZ      IOSAACZ      POSTZ       POSAZ       POPFZ       POAAZ      POSAACZ      AOSTZ       AOSAZ       AOPFZ       AOAAZ      AOSAAC
 1997  9 15     0.01363     0.01132     0.01374     0.01505     0.01343     0.01351     0.01116     0.01258     0.01461     0.01045     0.01663     0.02181     0.01358     0.01437     0.01306
 1997 10 16     0.01273     0.01092     0.01237     0.01311     0.01157     0.01376     0.01050     0.01118     0.01337     0.00785     0.01537     0.02023     0.01229     0.01321     0.01308
 1997 11 15     0.01146     0.01019     0.01222     0.01288     0.01032     0.01211     0.01000     0.01192     0.01399     0.00800     0.01396     0.02085     0.01294     0.01359     0.01177
 1997 12 16     0.01139     0.01017     0.01199     0.01273     0.00940     0.01148     0.00933     0.01105     0.01256     0.00996     0.01286     0.02103     0.01182     0.01205     0.01222
 1998  1 16     0.01051     0.01021     0.01172     0.01154     0.00911     0.01099     0.00908     0.01054     0.01154     0.00992     0.01252     0.02125     0.01236     0.01160     0.01096
 1998  2 14     0.01055     0.01057     0.01102     0.01077     0.00924     0.01019     0.00979     0.01019     0.01110     0.01061     0.01173     0.02070     0.01286     0.01212     0.01171
 1998  3 16     0.01126     0.01040     0.01120     0.01073     0.00951     0.01111     0.01061     0.00969     0.01090     0.01202     0.01264     0.02353     0.01210     0.01255     0.01223
 1998  4 15     0.01150     0.01127     0.01113     0.01059     0.01024     0.01227     0.01046     0.00970     0.01064     0.01160     0.01398     0.02255     0.01294     0.01301     0.01095
 1998  5 16     0.01334     0.01161     0.01181     0.01239     0.00924     0.01413     0.01048     0.00952         NaN         NaN     0.01629     0.02278     0.01245     0.01380     0.01038
 1998  6 15     0.01347     0.01154     0.01200     0.01227         NaN     0.01351     0.01098         NaN         NaN         NaN     0.01598     0.02889     0.01224         NaN         NaN
 1998  7 16     0.01406     0.01114     0.01156     0.01212         NaN     0.01481     0.01063         NaN         NaN         NaN     0.01578     0.03917     0.01204     0.01079         NaN
 1998  8 16     0.01502     0.01122     0.01189     0.01270     0.01291     0.01520     0.01098     0.00996     0.01429         NaN     0.01775     0.02425     0.01156     0.01434     0.01444
 1998  9 15     0.01389     0.01060     0.01184     0.01224     0.01059     0.01533     0.01120     0.01168     0.01308         NaN     0.01682     0.02546     0.01249     0.01350     0.01223
 1998 10 16     0.01185     0.01010     0.01177     0.01216     0.01067     0.01307     0.00997     0.01124     0.01262         NaN     0.01457     0.02598     0.01255     0.01441     0.01332
 1998 11 15     0.01093     0.00972     0.01186     0.01260     0.01107     0.01152     0.00897     0.01085     0.01241     0.01084     0.01366     0.02257     0.01108     0.01321     0.01077
 1998 12 16     0.00992     0.00950     0.01209     0.01218     0.00923     0.01076     0.00897     0.01128     0.01328     0.01667     0.01327     0.01849     0.01211     0.01340     0.01069
 1999  1 16     0.01000     0.00965     0.01134     0.01143     0.00935     0.00880     0.00938     0.01097     0.01150     0.01056     0.01282     0.01829     0.01181     0.01188     0.01010
 1999  2 14     0.01020     0.01019     0.01072     0.01095     0.01040     0.00896     0.00983     0.01032     0.01226     0.01070     0.01309     0.02009     0.01284     0.01309     0.01119
 1999  3 16     0.01091     0.01049     0.01091     0.01091     0.01117     0.00917     0.01064     0.01015     0.01106     0.01265     0.01230     0.01904     0.01398     0.01286     0.01185
 1999  4 15     0.01145     0.01025     0.01100     0.01109     0.01054     0.01073     0.01028     0.00970     0.01181     0.01228     0.01377     0.01840     0.01291     0.01283     0.01175
 1999  5 16     0.01271     0.01070     0.01124     0.01243     0.01058     0.01278     0.01000     0.00663         NaN         NaN     0.01584     0.02145     0.01268     0.01233     0.01153
 1999  6 15     0.01369     0.01110     0.01234         NaN         NaN     0.01300     0.01061         NaN         NaN         NaN     0.01687     0.02191     0.01333         NaN         NaN
 1999  7 16     0.01379     0.01078     0.01228     0.01233         NaN     0.01398     0.01052         NaN         NaN         NaN     0.01545     0.02088     0.01353     0.01321         NaN
 1999  8 16     0.01504     0.01257     0.01303     0.01287     0.01217     0.01409     0.01075     0.01159     0.01318         NaN     0.01787     0.02204     0.01291     0.01401     0.01384
 1999  9 15     0.01554     0.01168     0.01279     0.01306     0.01167     0.01638     0.01203     0.01213     0.01267     0.01120     0.01814     0.02555     0.01400     0.01436     0.01386
 1999 10 16     0.01285     0.01075     0.01208     0.01259     0.00966     0.01443     0.01057     0.01177     0.01217     0.01124     0.01575     0.02200     0.01266     0.01346     0.01264
 1999 11 15     0.01135     0.00994     0.01217     0.01263     0.00980     0.01158     0.00988     0.01169     0.01285     0.01031     0.01409     0.01927     0.01203     0.01410     0.01181
 1999 12 16     0.01049     0.00982     0.01205     0.01228     0.00993     0.01060     0.00966     0.01200     0.01271     0.01696     0.01249     0.01503     0.01179     0.01340     0.01051
 2000  1 16     0.01018     0.01027     0.01181     0.01178     0.01065     0.00934     0.00922     0.01105     0.01175     0.01476     0.01307     0.01552     0.01157     0.01233     0.00959
 2000  2 15     0.01058     0.01075     0.01141     0.01169     0.01034     0.00989     0.00977     0.01054     0.01170     0.01290     0.01202     0.01748     0.01074     0.01134     0.01087
 2000  3 16     0.01095     0.01060     0.01162     0.01226     0.01170     0.01047     0.01006     0.01022     0.01154     0.01362     0.01229     0.01712     0.01195     0.01260     0.01250
 2000  4 15     0.01201     0.01105     0.01120     0.01157     0.01078     0.01155     0.00986     0.00961     0.01010     0.01183     0.01352     0.01740     0.01201     0.01255     0.01129
 2000  5 16     0.01271     0.01053     0.01061     0.01179         NaN     0.01298     0.01011     0.00799         NaN         NaN     0.01477     0.01909     0.01230     0.01422     0.01075
 2000  6 15     0.01340     0.01099     0.01232         NaN         NaN     0.01346     0.01097         NaN         NaN         NaN     0.01610     0.02375     0.01355         NaN         NaN
 2000  7 16     0.01366     0.01079     0.01250     0.01256         NaN     0.01381     0.01076         NaN         NaN         NaN     0.01755     0.02575     0.01261     0.01095         NaN
 2000  8 16     0.01377     0.01156     0.01283     0.01464     0.01275     0.01316     0.01071     0.01172     0.01397         NaN     0.01640     0.02348     0.01307     0.01447     0.01371
 2000  9 15     0.01368     0.01141     0.01242     0.01294     0.01226     0.01693     0.01185     0.01254     0.01270     0.01135     0.01541     0.02019     0.01348     0.01461     0.01471
 2000 10 16     0.01273     0.01092     0.01251     0.01292     0.01177     0.01449     0.01118     0.01217     0.01278     0.01044     0.01618     0.02122     0.01278     0.01559     0.01357
 2000 11 15     0.01154     0.01047     0.01222     0.01265     0.00956     0.01137     0.00959     0.01135     0.01255     0.00904     0.01343     0.01813     0.01195     0.01480     0.01281
 2000 12 16     0.01078     0.01048     0.01174     0.01166     0.01062     0.01042     0.00943     0.01078     0.01153     0.00920     0.01318     0.01773     0.01186     0.01276     0.01021
 2001  1 16     0.01091     0.01045     0.01116     0.01197     0.00949     0.01047     0.00933     0.00973     0.01198     0.01184     0.01372     0.02037     0.01278     0.01184     0.01238
 2001  2 14     0.01091     0.01089     0.01090     0.01176     0.00933     0.00952     0.00950     0.00932     0.01188     0.01174     0.01269     0.02009     0.01253     0.01171     0.01038
 2001  3 16     0.01134     0.01125     0.01135     0.01209     0.01046     0.01021     0.01029     0.00978     0.01214     0.01267     0.01314     0.02156     0.01469     0.01308     0.01469
 2001  4 15     0.01192     0.01084     0.01067     0.01118     0.01019     0.01210     0.01060     0.00943     0.01144     0.01183     0.01458     0.01968     0.01419     0.01351     0.01057
 2001  5 16     0.01247     0.01133     0.01102     0.01257         NaN     0.01234     0.00978         NaN         NaN         NaN     0.01517     0.02398     0.01327     0.01301     0.01574
 2001  6 15     0.01286     0.01178     0.01153     0.01450         NaN     0.01357     0.01059         NaN         NaN         NaN     0.01554     0.02647     0.01591         NaN         NaN
 2001  7 16     0.01366     0.01117     0.01219     0.01310         NaN     0.01344     0.01025         NaN         NaN         NaN     0.01663     0.02401     0.01395     0.01230         NaN
 2001  8 16     0.01469     0.01138     0.01207     0.01309     0.01332     0.01436     0.01114     0.01080     0.01232         NaN     0.01663     0.02613     0.01299     0.01510     0.01499
 2001  9 15     0.01582     0.01199     0.01295     0.01290     0.01175     0.01886     0.01287     0.01188     0.01287     0.01325     0.01669     0.02491     0.01417     0.01578     0.01329
 2001 10 16     0.01228     0.01049     0.01196     0.01257     0.01076     0.01338     0.01076     0.01131     0.01349     0.01116     0.01410     0.01877     0.01281     0.01338     0.01186
 2001 11 15     0.01087     0.00984     0.01206     0.01305     0.00953     0.01138     0.00931     0.01146     0.01391     0.01170     0.01277     0.01867     0.01231     0.01506     0.01143
 2001 12 16     0.00962     0.00936     0.01169     0.01233     0.00964     0.01033     0.00931     0.01114     0.01240     0.01590     0.01210     0.01815     0.01129     0.01379     0.01074
 2002  1 16     0.00953     0.00924     0.01042     0.01105     0.00938     0.01000     0.00896     0.01018     0.01090     0.01319     0.01147     0.01987     0.01167     0.01214     0.01038
 2002  2 14     0.00992     0.00998     0.01035     0.01085     0.00915     0.00942     0.00950     0.00972     0.01049     0.01211     0.01125     0.01834     0.01255     0.01227     0.01133
 2002  3 16     0.01032     0.01043     0.01059     0.01070     0.00966     0.00999     0.00922     0.00911     0.01058     0.01188     0.01166     0.01789     0.01251     0.01194     0.01184
 2002  4 15     0.01187     0.01147     0.01065     0.01026     0.01077     0.01119     0.00942     0.00899     0.00928     0.00899     0.01352     0.02085     0.01304     0.01274     0.01359
 2002  5 16     0.01279     0.01093     0.01063     0.01115         NaN     0.01188     0.00966         NaN         NaN         NaN     0.01545     0.02445     0.01318     0.01130     0.00971
 2002  6 15     0.01308     0.01184     0.01520     0.02169         NaN     0.01407     0.01144         NaN         NaN         NaN     0.01723     0.03008     0.01418         NaN         NaN
 2002  7 16     0.01369     0.01111     0.01319     0.01423         NaN     0.01418     0.01100         NaN         NaN         NaN     0.01616     0.03470     0.01393     0.01097         NaN
 2002  8 16     0.01476     0.01184     0.01148     0.01198     0.01119     0.01449     0.01108     0.01027     0.01061         NaN     0.01628     0.02716     0.01247     0.01442     0.01340
 2002  9 15     0.01284     0.01080     0.01245     0.01311     0.01209     0.01518     0.01095     0.01092     0.01171     0.01210     0.01757     0.02638     0.01273     0.01409     0.01425
 2002 10 16     0.01234     0.01091     0.01279     0.01285     0.01102     0.01478     0.01077     0.01142     0.01229     0.00827     0.01633     0.02419     0.01306     0.01478     0.01314
 2002 11 15     0.01161     0.01059     0.01277     0.01245     0.00909     0.01435     0.01086     0.01119     0.01218     0.00932     0.01590     0.02311     0.01203     0.01368     0.01165
 2002 12 16     0.01045     0.01009     0.01184     0.01193     0.01033     0.01152     0.00975     0.01046     0.01184     0.00970     0.01351     0.02268     0.01232     0.01336     0.01087
 2003  1 16     0.01144     0.01049     0.01114     0.01091     0.01116     0.01055     0.00973     0.01003     0.01069     0.01063     0.01270     0.02212     0.01335     0.01136     0.00942
 2003  2 14     0.01156     0.01167     0.01187     0.01130     0.01088     0.01073     0.01077     0.00986     0.01092     0.01015     0.01222     0.02217     0.01434     0.01230     0.01126
 2003  3 16     0.01209     0.01206     0.01162     0.01122     0.01122     0.01119     0.01144     0.01010     0.01175     0.01264     0.01182     0.02292     0.01459     0.01363     0.01377
 2003  4 15     0.01322     0.01163     0.01170     0.01157     0.01224     0.01190     0.01065     0.00951     0.01166     0.01002     0.01383     0.02341     0.01332     0.01490     0.01473
 2003  5 16     0.01396     0.01161     0.01065     0.01152         NaN     0.01378     0.01058     0.00898         NaN         NaN     0.01546     0.02502     0.01250     0.01274     0.01592
 2003  6 15     0.01408     0.01217     0.01259         NaN         NaN     0.01537     0.01212         NaN         NaN         NaN     0.01620     0.02805     0.01217         NaN         NaN
 2003  7 16     0.01397     0.01070     0.01177     0.01424         NaN     0.01432     0.01118         NaN         NaN         NaN     0.01709     0.02751     0.01313     0.01428         NaN
 2003  8 16     0.01391     0.01122     0.01218     0.01239     0.01372     0.01452     0.01135     0.01186     0.01422         NaN     0.01573     0.02390     0.01197     0.01517     0.01377
 2003  9 15     0.01328     0.01112     0.01270     0.01302     0.00986     0.01558     0.01153     0.01212     0.01441     0.01498     0.01509     0.02763     0.01397     0.01556     0.01535
 2003 10 16     0.01302     0.01070     0.01237     0.01310     0.01062     0.01436     0.01100     0.01215     0.01382     0.00993     0.01570     0.02787     0.01261     0.01648     0.01471
 2003 11 15     0.01175     0.01028     0.01240     0.01245     0.00883     0.01217     0.00984     0.01153     0.01362     0.00897     0.01407     0.02344     0.01249     0.01472     0.01048
 2003 12 16     0.01116     0.01027     0.01194     0.01179     0.01065     0.01130     0.00956     0.01096     0.01147     0.01052     0.01297     0.02152     0.01393     0.01375     0.01031
 2004  1 16     0.01015     0.00965     0.01109     0.01131     0.01078     0.01106     0.00961     0.01112     0.01140     0.00945     0.01234     0.02016     0.01388     0.01371     0.01089
 2004  2 15     0.01041     0.01067     0.01063     0.01073     0.01065     0.01134     0.01032     0.01053     0.01197     0.01210     0.01148     0.01983     0.01556     0.01166     0.01084
 2004  3 16     0.01155     0.01104     0.01150     0.01120     0.01123     0.01171     0.00999     0.01018     0.01226     0.01204     0.01312     0.02145     0.01398     0.01219     0.01373
 2004  4 15     0.01277     0.01111     0.01135     0.01102     0.01049     0.01351     0.01042     0.00948     0.01042     0.01198     0.01453     0.02055     0.01410     0.01313     0.01332
 2004  5 16     0.01315     0.01129     0.01129     0.01237     0.01119     0.01541     0.01137         NaN         NaN         NaN     0.01635     0.02050     0.01467     0.01399     0.01162
 2004  6 15     0.01408     0.01127     0.01058     0.01413         NaN     0.01542     0.01186         NaN         NaN         NaN     0.01675     0.02655     0.01357         NaN         NaN
 2004  7 16     0.01454     0.01142     0.01327     0.01400         NaN     0.01500     0.01159         NaN         NaN         NaN     0.01772     0.02533     0.01395     0.01291         NaN
 2004  8 16     0.01495     0.01176     0.01288     0.01324     0.01392     0.01599     0.01125     0.01183     0.01536         NaN     0.01608     0.02643     0.01364     0.01554     0.01521
 2004  9 15     0.01451     0.01113     0.01197     0.01291     0.01032     0.01551     0.01093     0.01190     0.01425     0.01280     0.01770     0.02382     0.01356     0.01506     0.01363
 2004 10 16     0.01326     0.01092     0.01257     0.01335     0.01064     0.01493     0.01062     0.01158     0.01323     0.01009     0.01606     0.02083     0.01296     0.01519     0.01288
 2004 11 15     0.01114     0.01086     0.01310     0.01306     0.00967     0.01256     0.01021     0.01178     0.01236     0.01189     0.01327     0.01920     0.01265     0.01541     0.01093
 2004 12 16     0.01033     0.01072     0.01249     0.01237     0.00996     0.01153     0.00964     0.01102     0.01173     0.01470     0.01168     0.01958     0.01323     0.01380     0.01186
 2005  1 16     0.01034     0.01052     0.01164     0.01181     0.01098     0.01034     0.01002     0.01054     0.01201     0.01338     0.01205     0.01765     0.01400     0.01292     0.01560
 2005  2 14     0.01114     0.01042     0.01118     0.01170     0.01106     0.01069     0.01145     0.01042     0.01281     0.01333     0.01191     0.01866     0.01323     0.01361     0.01268
 2005  3 16     0.01209     0.01089     0.01165     0.01206     0.01160     0.01164     0.01132     0.01068     0.01241     0.01412     0.01338     0.01951     0.01481     0.01441     0.01351
 2005  4 15     0.01373     0.01133     0.01127     0.01164     0.01237     0.01347     0.01214     0.01118     0.01286     0.01470     0.01468     0.02109     0.01375     0.01506     0.01402
 2005  5 16     0.01386     0.01213     0.01191     0.01282         NaN     0.01559     0.01215     0.01047         NaN         NaN     0.01727     0.02346     0.01419     0.01397     0.01272
 2005  6 15     0.01452     0.01183     0.01261         NaN         NaN     0.01484     0.01160         NaN         NaN         NaN     0.01702     0.02835     0.01538         NaN         NaN
 2005  7 16     0.01421     0.01135     0.01288     0.01506         NaN     0.01555     0.01226         NaN         NaN         NaN     0.01791     0.03129     0.01461     0.01301         NaN
 2005  8 16     0.01493     0.01176     0.01280     0.01342     0.01447     0.01614     0.01171     0.01089     0.01316         NaN     0.01588     0.02455     0.01458     0.01566     0.01610
 2005  9 15     0.01549     0.01192     0.01314     0.01321     0.01045     0.01690     0.01221     0.01237     0.01420         NaN     0.01516     0.02670     0.01380     0.01456     0.01426
 2005 10 16     0.01272     0.01108     0.01247     0.01296     0.01003     0.01397     0.01117     0.01188     0.01358     0.00881     0.01491     0.02338     0.01295     0.01502     0.01347
 2005 11 15     0.01181     0.01053     0.01262     0.01305     0.01017     0.01258     0.01013     0.01182     0.01347     0.02005     0.01350     0.02112     0.01307     0.01468     0.01082
 2005 12 16     0.01130     0.01062     0.01236     0.01249     0.00961     0.01146     0.00978     0.01105     0.01377     0.01419     0.01327     0.01914     0.01345     0.01412     0.01057
 2006  1 16     0.01049     0.01048     0.01177     0.01185     0.00980     0.01125     0.00974     0.01088     0.01249     0.01201     0.01271     0.02060     0.01304     0.01443     0.01186
 2006  2 14     0.00986     0.01006     0.01088     0.01200     0.00964     0.01028     0.01042     0.01045     0.01325     0.01280     0.01203     0.01910     0.01390     0.01364     0.01156
 2006  3 16     0.01076     0.01040     0.01125     0.01260     0.01006     0.01193     0.01019     0.00987     0.01180     0.01352     0.01273     0.01942     0.01320     0.01356     0.01346
 2006  4 15     0.01151     0.01072     0.01192     0.01246     0.00980     0.01328     0.01066     0.00986     0.01101     0.01459     0.01411     0.02052     0.01425     0.01620     0.01551
 2006  5 16     0.01256     0.01049     0.01107     0.01255     0.01486     0.01481     0.01128         NaN         NaN         NaN     0.01508     0.02287     0.01406     0.01329     0.01362
 2006  6 15     0.01357     0.01134     0.01219     0.00985         NaN     0.01486     0.01141         NaN         NaN         NaN     0.01632     0.02778     0.01354         NaN         NaN
 2006  7 16     0.01494     0.01139     0.01262     0.01497         NaN     0.01548     0.01154         NaN         NaN         NaN     0.01704     0.02451     0.01418     0.01239         NaN
 2006  8 16     0.01482     0.01211     0.01344     0.01384     0.01384     0.01684     0.01142     0.01148     0.01102         NaN     0.01725     0.02416     0.01417     0.01485     0.01456
 2006  9 15     0.01363     0.01102     0.01293     0.01317     0.01109     0.01807     0.01158     0.01220     0.01364     0.01038     0.01725     0.03161     0.01331     0.01459     0.01490
 2006 10 16     0.01280     0.01105     0.01296     0.01326     0.01050     0.01718     0.01147     0.01201     0.01361     0.01097     0.01474     0.02251     0.01278     0.01577     0.01388
 2006 11 15     0.01148     0.01047     0.01283     0.01321     0.00991     0.01263     0.01022     0.01156     0.01359     0.01745     0.01459     0.02135     0.01266     0.01517     0.01180
 2006 12 16     0.01137     0.01071     0.01248     0.01272     0.01016     0.01335     0.01046     0.01162     0.01301     0.01514     0.01403     0.01991     0.01231     0.01396     0.01244
 2007  1 16     0.01087     0.01091     0.01200     0.01239     0.01070     0.01112     0.01045     0.01117     0.01228     0.01642     0.01279     0.01768     0.01444     0.01298     0.01090
 2007  2 14     0.01109     0.01093     0.01183     0.01219     0.01272     0.01111     0.01052     0.01057     0.01215     0.01241     0.01255     0.01803     0.01278     0.01383     0.01128
 2007  3 16     0.01188     0.01120     0.01135     0.01211     0.01159     0.01245     0.01145     0.01101     0.01321     0.01409     0.01341     0.01914     0.01359     0.01468     0.01305
 2007  4 15     0.01330     0.01157     0.01161     0.01155     0.01181     0.01298     0.01121     0.01152     0.01187     0.01119     0.01423     0.02086     0.01303     0.01413     0.01291
 2007  5 16     0.01365     0.01109     0.01180     0.01241     0.01410     0.01560     0.01146     0.00997         NaN         NaN     0.01659     0.02280     0.01503     0.01349     0.01145
 2007  6 15     0.01482     0.01190     0.01195     0.01287         NaN     0.01459     0.01152         NaN         NaN         NaN     0.01844     0.02895     0.01683         NaN         NaN
 2007  7 16     0.01489     0.01186     0.01321     0.01349         NaN     0.01593     0.01174         NaN         NaN         NaN     0.01729     0.02451     0.01312     0.01100         NaN
 2007  8 16     0.01506     0.01176     0.01238     0.01294     0.01519     0.01559     0.01099     0.01222     0.01480         NaN     0.01606     0.02248     0.01573     0.01588     0.01611
 2007  9 15     0.01601     0.01216     0.01306     0.01419     0.01265     0.01859     0.01268     0.01270     0.01299         NaN     0.01817     0.02466     0.01305     0.01535     0.01564
 2007 10 16     0.01282     0.01063     0.01242     0.01357     0.01085     0.01500     0.01072     0.01205     0.01317     0.00992     0.01656     0.02474     0.01331     0.01628     0.01460
 2007 11 15     0.01184     0.01008     0.01260     0.01307     0.00948     0.01165     0.01013     0.01144     0.01252     0.00862     0.01371     0.02031     0.01312     0.01409     0.01179
 2007 12 16     0.01111     0.01030     0.01272     0.01339     0.00946     0.01167     0.00984     0.01186     0.01335     0.01193     0.01288     0.02065     0.01407     0.01396     0.01121
 2008  1 16     0.01325     0.01189     0.01113     0.01162     0.01018     0.01220     0.01111     0.01169     0.01409     0.01226     0.01513     0.01998     0.01383     0.01244     0.01199
 2008  4 15     0.01432     0.01187     0.01089     0.01285         NaN     0.01400     0.01097         NaN         NaN         NaN     0.01697     0.02624     0.01555     0.01196         NaN
 2008  5 16     0.01407     0.01140     0.01057         NaN         NaN     0.01407     0.01117         NaN         NaN         NaN     0.01641     0.02527     0.01337         NaN         NaN
 2008  6 15         NaN         NaN         NaN         NaN         NaN         NaN         NaN         NaN         NaN         NaN         NaN         NaN         NaN         NaN         NaN
 2008  7 16     0.01440     0.01173     0.01331     0.01340     0.01317     0.01657     0.01284     0.01229     0.01575         NaN     0.01682     0.02245     0.01348     0.01553     0.01631
 2008  8 16     0.01406     0.01116     0.01274     0.01380     0.01081     0.01891     0.01177     0.01219     0.01462     0.01435     0.01494     0.02639     0.01386     0.01597     0.01468
 2008  9 15     0.01278     0.01149     0.01298     0.01369     0.01233     0.01653     0.01086     0.01199     0.01378     0.01231     0.01451     0.02389     0.01518     0.01563     0.01317
 2008 10 16     0.01172     0.01019     0.01307     0.01412     0.00908     0.01315     0.01016     0.01189     0.01424     0.01475     0.01501     0.02293     0.01327     0.01413     0.01233
 2008 11 15     0.01058     0.00980     0.01190     0.01282     0.00927     0.01180     0.01000     0.01124     0.01272     0.01354     0.01348     0.01942     0.01368     0.01433     0.01084
 2008 12 16     0.01092     0.01046     0.01093     0.01174     0.01046     0.01097     0.00996     0.01063     0.01168     0.01214     0.01344     0.01742     0.01417     0.01399     0.01214
 2009  1 16     0.01116     0.01070     0.01126     0.01188     0.01003     0.01052     0.00996     0.01043     0.01221     0.01305     0.01361     0.01946     0.01642     0.01427     0.01254
 2009  2 14     0.01368     0.01170     0.01115     0.01241     0.01199     0.01276     0.01175     0.01097     0.01250     0.01290     0.01339     0.02103     0.01592     0.01399     0.01475
 2009  3 16     0.01281     0.01132     0.01144     0.01199     0.01089     0.01357     0.01135     0.01068     0.01225     0.01174     0.01457     0.02321     0.01614     0.01462     0.01414
 2009  4 15     0.01522     0.01124     0.01014         NaN         NaN     0.01443     0.01119         NaN         NaN         NaN     0.02059     0.02825     0.01457         NaN         NaN
 2009  6 15     0.01354     0.01087     0.01032     0.01279         NaN     0.01508     0.01202         NaN         NaN         NaN     0.01938     0.02443     0.01227     0.01133         NaN
 2009  7 16     0.01452     0.01214     0.01281     0.01336     0.01205     0.01666     0.01161     0.01190     0.01384         NaN     0.01701     0.02590     0.01476     0.01830     0.01384
 2009  8 16     0.01956     0.01064     0.01700     0.01321     0.00670     0.01844     0.01262     0.01356     0.01861         NaN         NaN         NaN         NaN         NaN         NaN
 2009  9 15     0.01658     0.00979     0.01369     0.01373     0.00790     0.01466     0.00958     0.01118     0.01422         NaN         NaN         NaN         NaN         NaN         NaN
 2009 10 16     0.01211     0.01103     0.01256     0.01333     0.00914     0.01351     0.01028     0.01161     0.01328     0.01070     0.01504     0.02993     0.01448     0.01616     0.01394
 2009 11 15     0.01073     0.01085     0.01167     0.01207     0.01329     0.01298     0.01041     0.01196     0.01148     0.01310     0.01304     0.02461     0.01330     0.01348     0.00964
 2009 12 16     0.01027     0.01027     0.01107     0.01148     0.01041     0.01166     0.01006     0.01080     0.01048     0.01228     0.01269     0.01935     0.01277     0.01319     0.00970
 2010  1 16     0.01102     0.01069     0.01108     0.01148     0.01238     0.01168     0.01060     0.01064     0.01279     0.01308     0.01318     0.02086     0.01552     0.01386     0.01117
 2010  2 14     0.01183     0.01093     0.01174     0.01215     0.01198     0.01228     0.01082     0.01061     0.01375     0.01385     0.01399     0.02327     0.01609     0.01539     0.01394
 2010  3 16     0.01198     0.01067     0.01117     0.01145     0.01263     0.01281     0.01024     0.00978     0.01207     0.01218     0.01480     0.02299     0.01326     0.01264     0.01242
 2010  4 15     0.01280     0.01023     0.01061     0.01097         NaN     0.01407     0.01047         NaN         NaN         NaN     0.01506     0.03220     0.01335     0.01167         NaN
 2010  5 16     0.01228     0.00863     0.00727         NaN         NaN     0.01376     0.01026         NaN         NaN         NaN     0.01543     0.03285         NaN         NaN         NaN
 2010  6 15     0.01343     0.01039     0.00972     0.01199         NaN     0.01437     0.01088         NaN         NaN         NaN     0.01715     0.03556     0.01333         NaN         NaN
 2010  7 16     0.01469     0.01202     0.01300     0.01332         NaN     0.01492     0.01160     0.01152     0.01417         NaN     0.01947     0.03007     0.01415     0.01824     0.01752
 2010  8 16     0.01548     0.01274     0.01370     0.01488     0.02184     0.01703     0.01197     0.01292     0.01561     0.01381     0.01880     0.02724     0.01642     0.01634     0.01558
 2010  9 15     0.01420     0.01156     0.01335     0.01536     0.01315     0.01681     0.01146     0.01248     0.01526     0.01265     0.01635     0.02857     0.01587     0.01861     0.01298
 2010 10 16     0.01223     0.01107     0.01350     0.01392     0.00751     0.01190     0.01037     0.01166     0.01450     0.02358     0.01438     0.02319     0.01333     0.01699     0.01190
 2010 11 15     0.01160     0.01052     0.01282     0.01409     0.00725     0.01071     0.00991     0.01109     0.01426     0.01670     0.01667     0.02251     0.01402     0.01462     0.01219
