 Year  M D       IOSTZ       IOSAZ       IOPFZ       IOAAZ      IOSAACZ      POSTZ       POSAZ       POPFZ       POAAZ      POSAACZ      AOSTZ       AOSAZ       AOPFZ       AOAAZ      AOSAAC
 1997  9 15     0.04002     0.03362     0.03482     0.03448     0.03511     0.04080     0.03213     0.03095     0.03261     0.03336     0.04796     0.05629     0.03461     0.03362     0.03132
 1997 10 16     0.03949     0.03408     0.03618     0.03586     0.03183     0.04185     0.03169     0.03060     0.03593     0.02584     0.04602     0.05765     0.03594     0.03598     0.03156
 1997 11 15     0.03822     0.03608     0.03721     0.03808     0.02948     0.03816     0.03265     0.03735     0.04432     0.03384     0.04399     0.06152     0.03942     0.03928     0.03476
 1997 12 16     0.03778     0.03696     0.03921     0.04312     0.03464     0.03560     0.03316     0.04353     0.04456     0.05472     0.04013     0.05984     0.04569     0.04010     0.05142
 1998  1 16     0.03386     0.03482     0.03523     0.03661     0.03288     0.03183     0.02967     0.03468     0.03515     0.05531     0.03946     0.05934     0.04638     0.03924     0.05117
 1998  2 14     0.03361     0.03454     0.03229     0.03117     0.03053     0.02930     0.03227     0.02755     0.03103     0.05172     0.03753     0.05605     0.03875     0.03882     0.04807
 1998  3 16     0.03463     0.03399     0.03134     0.02857     0.03100     0.03056     0.03310     0.02686     0.02752     0.03961     0.04057     0.06009     0.03572     0.03749     0.03902
 1998  4 15     0.03423     0.03431     0.03073     0.02744     0.02828     0.03288     0.03231     0.02759     0.02687     0.04459     0.04144     0.05519     0.03504     0.03543     0.03024
 1998  5 16     0.03491     0.03301     0.03134     0.03072     0.02458     0.03616     0.03150     0.02830         NaN         NaN     0.04241     0.05472     0.03425     0.03501     0.02762
 1998  6 15     0.03440     0.03233     0.03336     0.03733         NaN     0.03463     0.03081         NaN         NaN         NaN     0.04078     0.06657     0.03493         NaN         NaN
 1998  7 16     0.03492     0.02989     0.03050     0.03076         NaN     0.03657     0.03103         NaN         NaN         NaN     0.04051     0.08079     0.03272     0.03014         NaN
 1998  8 16     0.03609     0.02970     0.03008     0.02973     0.02690     0.03796     0.02939     0.02692     0.03091         NaN     0.04328     0.05517     0.03158     0.03134     0.03027
 1998  9 15     0.03748     0.03080     0.03107     0.03047     0.02813     0.04082     0.03098     0.02792     0.02841         NaN     0.04533     0.05435     0.03270     0.03380     0.03075
 1998 10 16     0.03836     0.03142     0.03372     0.03294     0.03081     0.04013     0.03077     0.03005     0.03251         NaN     0.04579     0.06096     0.03416     0.04028     0.03538
 1998 11 15     0.03530     0.03234     0.03842     0.03853     0.03150     0.03650     0.03109     0.03322     0.04109     0.04654     0.04364     0.05968     0.03802     0.04279     0.03370
 1998 12 16     0.03345     0.03346     0.04009     0.04369     0.03719     0.03237     0.03245     0.03844     0.04397     0.08608     0.04144     0.05523     0.04484     0.04301     0.04150
 1999  1 16     0.03241     0.03328     0.03257     0.03536     0.04390     0.02701     0.03276     0.03348     0.03909     0.05599     0.04241     0.06188     0.05049     0.04206     0.04708
 1999  2 14     0.03271     0.03392     0.03026     0.03287     0.04019     0.02691     0.03242     0.02861     0.03462     0.05289     0.04004     0.05811     0.04538     0.04036     0.04493
 1999  3 16     0.03442     0.03309     0.03078     0.03130     0.03545     0.02743     0.03396     0.02882     0.03057     0.04247     0.03706     0.05358     0.03907     0.03634     0.03266
 1999  4 15     0.03386     0.03238     0.03164     0.03010     0.02927     0.03070     0.03178     0.02762     0.03066     0.03133     0.04048     0.04996     0.03526     0.03465     0.02888
 1999  5 16     0.03576     0.03277     0.03129     0.03190     0.02912     0.03429     0.03029     0.02621         NaN         NaN     0.04183     0.05195     0.03579     0.03559     0.03345
 1999  6 15     0.03558     0.03191     0.03365         NaN         NaN     0.03433     0.03040         NaN         NaN         NaN     0.04209     0.05400     0.03797         NaN         NaN
 1999  7 16     0.03454     0.02986     0.03242     0.03390         NaN     0.03470     0.02929         NaN         NaN         NaN     0.03959     0.04946     0.03889     0.03273         NaN
 1999  8 16     0.03631     0.03093     0.03176     0.03079     0.02992     0.03700     0.02944     0.02823     0.02937         NaN     0.04315     0.05235     0.03418     0.03169     0.03056
 1999  9 15     0.03980     0.03166     0.03266     0.03146     0.02876     0.04412     0.03259     0.02878     0.02886     0.02883     0.04544     0.05635     0.03587     0.03317     0.03145
 1999 10 16     0.03947     0.03292     0.03484     0.03463     0.03031     0.04102     0.03138     0.03071     0.03251     0.02943     0.04841     0.05405     0.03657     0.03778     0.03189
 1999 11 15     0.03724     0.03309     0.04028     0.04116     0.03108     0.03522     0.03363     0.03645     0.03835     0.04179     0.04583     0.06007     0.04439     0.04649     0.03766
 1999 12 16     0.03511     0.03445     0.04081     0.04576     0.03731     0.03168     0.03344     0.03752     0.04508     0.07888     0.04042     0.04934     0.03972     0.04148     0.04620
 2000  1 16     0.03493     0.03399     0.03399     0.03937     0.04845     0.02791     0.03174     0.03268     0.03787     0.06629     0.03926     0.05000     0.03973     0.04039     0.04724
 2000  2 15     0.03419     0.03559     0.03287     0.03502     0.04477     0.02943     0.03248     0.02969     0.03302     0.06155     0.03719     0.05188     0.03735     0.04468     0.04626
 2000  3 16     0.03314     0.03329     0.03184     0.03251     0.03761     0.03021     0.03278     0.02882     0.02898     0.04139     0.03790     0.04695     0.03441     0.04637     0.03876
 2000  4 15     0.03427     0.03328     0.03114     0.03055     0.03083     0.03186     0.03095     0.02789     0.02710     0.03116     0.03966     0.04576     0.03466     0.04198     0.03738
 2000  5 16     0.03491     0.03278     0.03174     0.03243         NaN     0.03492     0.03009     0.02667         NaN         NaN     0.04079     0.04806     0.03534     0.04016     0.04217
 2000  6 15     0.03416     0.03277     0.03466         NaN         NaN     0.03494     0.03018         NaN         NaN         NaN     0.04242     0.05736     0.03966         NaN         NaN
 2000  7 16     0.03477     0.03126     0.03258     0.03222         NaN     0.03540     0.03054         NaN         NaN         NaN     0.04273     0.05590     0.03444     0.03025         NaN
 2000  8 16     0.03548     0.03026     0.03067     0.03221     0.03036     0.03474     0.02905     0.02903     0.02949         NaN     0.04325     0.05291     0.03363     0.03432     0.03371
 2000  9 15     0.03586     0.03033     0.03130     0.03135     0.02977     0.04389     0.03257     0.02993     0.02988     0.02891     0.04330     0.04774     0.03431     0.03447     0.03386
 2000 10 16     0.03768     0.03265     0.03315     0.03346     0.03065     0.04055     0.03199     0.03171     0.03326     0.03064     0.04801     0.05553     0.03597     0.03959     0.03351
 2000 11 15     0.03942     0.03531     0.03699     0.03515     0.03029     0.03513     0.03177     0.03381     0.03818     0.03437     0.04210     0.05998     0.03984     0.04285     0.03643
 2000 12 16     0.03418     0.03677     0.03825     0.03801     0.03997     0.03238     0.03377     0.03646     0.04014     0.04535     0.04263     0.05914     0.04609     0.04246     0.04466
 2001  1 16     0.03421     0.03632     0.03334     0.03606     0.03520     0.02995     0.03152     0.02785     0.04215     0.05643     0.04179     0.05941     0.04663     0.03802     0.05123
 2001  2 14     0.03486     0.03779     0.03092     0.03254     0.03297     0.02887     0.03237     0.02624     0.03729     0.06365     0.03871     0.05806     0.04368     0.03656     0.04490
 2001  3 16     0.03374     0.03672     0.03134     0.03145     0.03050     0.02991     0.03318     0.02621     0.03274     0.04799     0.03798     0.05466     0.04263     0.03815     0.04523
 2001  4 15     0.03437     0.03447     0.03074     0.02964     0.02986     0.03364     0.03213     0.02635     0.02785     0.02967     0.04058     0.04826     0.03843     0.03632     0.03120
 2001  5 16     0.03517     0.03369     0.03264     0.03337         NaN     0.03409     0.03101         NaN         NaN         NaN     0.04044     0.05709     0.03876     0.03289     0.03357
 2001  6 15     0.03482     0.03336     0.03629     0.04104         NaN     0.03523     0.03082         NaN         NaN         NaN     0.03918     0.05752     0.04248         NaN         NaN
 2001  7 16     0.03480     0.03054     0.03250     0.03302         NaN     0.03399     0.02905         NaN         NaN         NaN     0.03922     0.05440     0.03497     0.03107         NaN
 2001  8 16     0.03623     0.03029     0.03099     0.03074     0.02820     0.03647     0.02927     0.02801     0.02757         NaN     0.04172     0.05963     0.03225     0.03202     0.03077
 2001  9 15     0.03832     0.03098     0.03210     0.03126     0.02964     0.04763     0.03344     0.02842     0.02864     0.03084     0.04295     0.05449     0.03313     0.03328     0.02996
 2001 10 16     0.03846     0.03181     0.03344     0.03458     0.03230     0.03937     0.03238     0.03013     0.03629     0.03023     0.04497     0.05433     0.03638     0.03809     0.03153
 2001 11 15     0.03601     0.03418     0.03985     0.03997     0.03103     0.03607     0.03274     0.03655     0.04828     0.05492     0.03941     0.05870     0.03929     0.04844     0.03755
 2001 12 16     0.03055     0.03147     0.04013     0.04230     0.03742     0.03072     0.03247     0.03601     0.03942     0.08469     0.03676     0.05563     0.04386     0.04961     0.04468
 2002  1 16     0.03064     0.03249     0.03016     0.03290     0.03631     0.02812     0.03080     0.03047     0.03547     0.07497     0.03439     0.05672     0.04355     0.03710     0.04002
 2002  2 14     0.03089     0.03428     0.03083     0.03116     0.03253     0.02779     0.03060     0.02775     0.03158     0.06097     0.03432     0.05162     0.03700     0.03621     0.03971
 2002  3 16     0.03327     0.03481     0.02981     0.02882     0.03051     0.02887     0.02985     0.02580     0.02850     0.03822     0.03677     0.05053     0.03595     0.03405     0.03826
 2002  4 15     0.03565     0.03568     0.03032     0.02835     0.02928     0.03253     0.03025     0.02625     0.02435     0.03195     0.03857     0.05210     0.03574     0.03367     0.03891
 2002  5 16     0.03557     0.03458     0.03274     0.03234         NaN     0.03356     0.03010         NaN         NaN         NaN     0.04081     0.05746     0.03803     0.03252     0.03178
 2002  6 15     0.03407     0.03344     0.04154     0.04265         NaN     0.03508     0.03124         NaN         NaN         NaN     0.04117     0.06276     0.04065         NaN         NaN
 2002  7 16     0.03446     0.03127     0.03588     0.03526         NaN     0.03505     0.03024         NaN         NaN         NaN     0.04038     0.07876     0.03564     0.02991         NaN
 2002  8 16     0.03577     0.03101     0.03156     0.03142     0.03034     0.03669     0.03010     0.02826     0.02783         NaN     0.04157     0.06348     0.03248     0.03312     0.03127
 2002  9 15     0.03560     0.03075     0.03240     0.03245     0.03212     0.04185     0.03122     0.02869     0.02896     0.02817     0.04670     0.06071     0.03412     0.03402     0.03292
 2002 10 16     0.03723     0.03287     0.03445     0.03364     0.03376     0.04274     0.03233     0.02968     0.03201     0.02491     0.04774     0.06730     0.03691     0.04016     0.03508
 2002 11 15     0.03660     0.03733     0.04061     0.03641     0.03317     0.04431     0.03574     0.03166     0.03875     0.03129     0.04808     0.06673     0.03753     0.04364     0.03878
 2002 12 16     0.03637     0.03669     0.03738     0.03850     0.04650     0.03503     0.03562     0.03901     0.04130     0.04904     0.04229     0.06516     0.04334     0.04366     0.04497
 2003  1 16     0.03783     0.03958     0.03275     0.03407     0.04968     0.03100     0.03285     0.02978     0.03478     0.04923     0.03971     0.06082     0.04508     0.03940     0.05521
 2003  2 14     0.03828     0.04172     0.03499     0.03164     0.03958     0.03143     0.03718     0.02841     0.03817     0.04374     0.03751     0.06033     0.04272     0.03833     0.05311
 2003  3 16     0.03692     0.03736     0.03193     0.03024     0.03469     0.03172     0.03677     0.02820     0.03566     0.04811     0.03614     0.05658     0.03906     0.03729     0.04340
 2003  4 15     0.03796     0.03657     0.03051     0.02987     0.03196     0.03316     0.03296     0.02689     0.03328     0.03647     0.04036     0.05877     0.03453     0.03668     0.03545
 2003  5 16     0.03701     0.03516     0.02985     0.03052         NaN     0.03646     0.03143     0.02960         NaN         NaN     0.04158     0.05772     0.03384     0.03530     0.03505
 2003  6 15     0.03605     0.03346     0.03509         NaN         NaN     0.03757     0.03226         NaN         NaN         NaN     0.04125     0.05979     0.03531         NaN         NaN
 2003  7 16     0.03515     0.03010     0.03260     0.03288         NaN     0.03520     0.02996         NaN         NaN         NaN     0.04126     0.06475     0.03300     0.03073         NaN
 2003  8 16     0.03510     0.02995     0.03151     0.03021     0.02960     0.03742     0.02970     0.02818     0.03093         NaN     0.03961     0.05967     0.03167     0.03225     0.03159
 2003  9 15     0.03560     0.03061     0.03335     0.03153     0.03203     0.04150     0.03118     0.02976     0.03146     0.03247     0.04259     0.06574     0.03410     0.03450     0.03463
 2003 10 16     0.03906     0.03276     0.03710     0.03531     0.03580     0.04289     0.03213     0.03083     0.03821     0.02884     0.04781     0.07420     0.03611     0.04557     0.03501
 2003 11 15     0.03820     0.03506     0.04144     0.04110     0.03340     0.04026     0.03434     0.03598     0.04602     0.03503     0.04261     0.07514     0.04045     0.04853     0.03957
 2003 12 16     0.03868     0.03775     0.04093     0.04166     0.04952     0.03549     0.03498     0.04158     0.05372     0.06679     0.04220     0.07469     0.05063     0.04334     0.04838
 2004  1 16     0.03559     0.03847     0.03544     0.03771     0.04744     0.03266     0.03579     0.03812     0.04570     0.05696     0.03812     0.06796     0.05603     0.03884     0.05627
 2004  2 15     0.03338     0.03482     0.03073     0.03150     0.04237     0.03300     0.03336     0.02852     0.03334     0.06570     0.03551     0.05608     0.04503     0.03459     0.05419
 2004  3 16     0.03479     0.03449     0.03092     0.02962     0.03347     0.03443     0.03298     0.02716     0.03067     0.04235     0.03937     0.05426     0.03963     0.03497     0.04724
 2004  4 15     0.03729     0.03459     0.03131     0.02901     0.02601     0.03726     0.03255     0.02758     0.02868     0.03881     0.04117     0.05160     0.03712     0.03570     0.03575
 2004  5 16     0.03628     0.03280     0.03123     0.03301     0.03316     0.03884     0.03357         NaN         NaN         NaN     0.04270     0.05009     0.03870     0.03554     0.03434
 2004  6 15     0.03590     0.03250     0.03234     0.03805         NaN     0.03732     0.03229         NaN         NaN         NaN     0.04195     0.06105     0.03849         NaN         NaN
 2004  7 16     0.03563     0.03036     0.03218     0.03330         NaN     0.03611     0.03028         NaN         NaN         NaN     0.04299     0.06465     0.03467     0.03172         NaN
 2004  8 16     0.03638     0.03024     0.03114     0.03177     0.03338     0.03844     0.02967     0.02791     0.02944         NaN     0.04273     0.06158     0.03501     0.03268     0.03248
 2004  9 15     0.03853     0.03093     0.03111     0.03162     0.03075     0.04204     0.03028     0.02855     0.03020     0.02791     0.04698     0.05476     0.03448     0.03468     0.03218
 2004 10 16     0.04062     0.03360     0.03551     0.03575     0.03164     0.04524     0.03211     0.03029     0.03499     0.03103     0.04737     0.05541     0.03553     0.04027     0.03249
 2004 11 15     0.03620     0.03721     0.04171     0.04166     0.03110     0.03981     0.03358     0.03393     0.03830     0.06047     0.03989     0.05765     0.04066     0.04758     0.03838
 2004 12 16     0.03493     0.03795     0.03840     0.04040     0.04151     0.03519     0.03664     0.04001     0.04649     0.07676     0.03499     0.05942     0.05585     0.04486     0.05065
 2005  1 16     0.03505     0.03532     0.03279     0.03375     0.04504     0.03370     0.03471     0.03176     0.04230     0.06637     0.03704     0.05024     0.04836     0.04092     0.06660
 2005  2 14     0.03599     0.03417     0.03059     0.03130     0.04490     0.03163     0.03861     0.02814     0.03580     0.05148     0.03659     0.05140     0.03773     0.04249     0.04977
 2005  3 16     0.03745     0.03412     0.03035     0.03113     0.03442     0.03263     0.03630     0.02847     0.03060     0.04204     0.03880     0.04969     0.03780     0.04110     0.04394
 2005  4 15     0.03717     0.03448     0.03060     0.03019     0.03176     0.03569     0.03495     0.02965     0.03260     0.03311     0.03999     0.05011     0.03665     0.03828     0.03679
 2005  5 16     0.03658     0.03424     0.03095     0.03153         NaN     0.03885     0.03424     0.02955         NaN         NaN     0.04259     0.05363     0.03853     0.03733     0.03438
 2005  6 15     0.03676     0.03309     0.03386         NaN         NaN     0.03709     0.03268         NaN         NaN         NaN     0.04116     0.06167     0.04127         NaN         NaN
 2005  7 16     0.03660     0.03111     0.03264     0.03470         NaN     0.03811     0.03214         NaN         NaN         NaN     0.04402     0.06725     0.04028     0.03339         NaN
 2005  8 16     0.03671     0.03105     0.03112     0.03106     0.03228     0.04166     0.03186     0.02794     0.02985         NaN     0.04005     0.05367     0.03577     0.03313     0.03333
 2005  9 15     0.03927     0.03183     0.03291     0.03188     0.02996     0.04718     0.03319     0.02953     0.03025         NaN     0.04384     0.06550     0.03435     0.03407     0.03345
 2005 10 16     0.04003     0.03442     0.03617     0.03403     0.02985     0.04288     0.03374     0.03138     0.03315     0.02672     0.04531     0.06683     0.03809     0.04059     0.03484
 2005 11 15     0.03902     0.03577     0.04165     0.04059     0.03303     0.03876     0.03368     0.03530     0.04690     0.07458     0.04248     0.06247     0.04607     0.05991     0.04115
 2005 12 16     0.03726     0.03778     0.03879     0.03922     0.03831     0.03402     0.03491     0.03795     0.04486     0.07493     0.04274     0.05774     0.04883     0.05603     0.05947
 2006  1 16     0.03397     0.03511     0.03459     0.03609     0.04575     0.03210     0.03286     0.03591     0.04326     0.05840     0.03883     0.05822     0.04180     0.04493     0.06575
 2006  2 14     0.03187     0.03208     0.03132     0.03371     0.03115     0.03133     0.03434     0.02812     0.03715     0.06114     0.03607     0.05406     0.04208     0.03867     0.05255
 2006  3 16     0.03379     0.03294     0.03115     0.03351     0.02780     0.03379     0.03304     0.02746     0.03015     0.04925     0.03746     0.05031     0.03880     0.03822     0.05021
 2006  4 15     0.03456     0.03299     0.03206     0.03124     0.02772     0.03647     0.03344     0.02812     0.02874     0.04217     0.04100     0.05038     0.03698     0.04133     0.04041
 2006  5 16     0.03512     0.03242     0.03175     0.03310     0.03197     0.03809     0.03334         NaN         NaN         NaN     0.04076     0.05505     0.03903     0.03452     0.03365
 2006  6 15     0.03564     0.03266     0.03458     0.03981         NaN     0.03685     0.03218         NaN         NaN         NaN     0.04112     0.05762     0.03755         NaN         NaN
 2006  7 16     0.03663     0.03058     0.03215     0.03387         NaN     0.03663     0.03109         NaN         NaN         NaN     0.04168     0.05322     0.03732     0.03333         NaN
 2006  8 16     0.03672     0.03101     0.03197     0.03045     0.03218     0.03962     0.03055     0.03007     0.03009         NaN     0.04356     0.05419     0.03400     0.03236     0.03223
 2006  9 15     0.03662     0.03154     0.03434     0.03173     0.02975     0.04594     0.03082     0.02896     0.02979     0.02553     0.04796     0.07617     0.03516     0.03450     0.03317
 2006 10 16     0.03794     0.03484     0.03840     0.03468     0.02954     0.04444     0.03312     0.03126     0.03426     0.03125     0.04780     0.07004     0.03879     0.04132     0.03639
 2006 11 15     0.03829     0.03761     0.04214     0.04310     0.02957     0.04001     0.03405     0.03247     0.03958     0.08840     0.04689     0.06624     0.04292     0.04840     0.03696
 2006 12 16     0.03641     0.03579     0.03911     0.04510     0.04297     0.03832     0.03585     0.03676     0.04008     0.08064     0.04080     0.05573     0.05024     0.04829     0.05062
 2007  1 16     0.03451     0.03613     0.03415     0.03738     0.04466     0.03445     0.03475     0.03138     0.03539     0.07508     0.03896     0.05418     0.05332     0.04107     0.04104
 2007  2 14     0.03515     0.03513     0.03241     0.03485     0.04599     0.03435     0.03556     0.02998     0.03488     0.05415     0.04142     0.05178     0.03891     0.03752     0.03827
 2007  3 16     0.03736     0.03829     0.03179     0.03274     0.03696     0.03555     0.03522     0.02932     0.03436     0.04846     0.04112     0.04961     0.03852     0.03648     0.03570
 2007  4 15     0.03822     0.03601     0.03127     0.03016     0.03175     0.03694     0.03436     0.03001     0.03125     0.04140     0.04130     0.04874     0.03632     0.03376     0.03433
 2007  5 16     0.03718     0.03356     0.03117     0.03288     0.03792     0.03873     0.03380     0.03083         NaN         NaN     0.04279     0.05353     0.04045     0.03353     0.03293
 2007  6 15     0.03646     0.03301     0.03314     0.03447         NaN     0.03645     0.03322         NaN         NaN         NaN     0.04400     0.06447     0.04116         NaN         NaN
 2007  7 16     0.03696     0.03139     0.03253     0.03310         NaN     0.03661     0.03088         NaN         NaN         NaN     0.04186     0.05251     0.03480     0.02995         NaN
 2007  8 16     0.03705     0.03144     0.03164     0.03088     0.03226     0.03866     0.03037     0.02984     0.03045         NaN     0.04070     0.04834     0.03423     0.03347     0.03481
 2007  9 15     0.03973     0.03219     0.03222     0.03208     0.03032     0.04671     0.03306     0.02991     0.02975         NaN     0.04777     0.06135     0.03559     0.03582     0.03262
 2007 10 16     0.03883     0.03306     0.03578     0.03406     0.03469     0.04235     0.03171     0.03201     0.03356     0.02742     0.05196     0.06774     0.03805     0.03918     0.03794
 2007 11 15     0.03931     0.03505     0.04057     0.04130     0.03090     0.03975     0.03362     0.03581     0.03912     0.04001     0.04408     0.06096     0.04182     0.04075     0.03897
 2007 12 16     0.03732     0.03558     0.03663     0.04430     0.03518     0.03551     0.03414     0.03875     0.04060     0.05706     0.03788     0.06463     0.05182     0.04308     0.04126
 2008  1 16     0.03778     0.03529     0.03022     0.03017     0.02780     0.03514     0.03572     0.03110     0.03616     0.04322     0.04287     0.04980     0.03698     0.03363     0.03207
 2008  4 15     0.03856     0.03434     0.03050     0.03197         NaN     0.03721     0.03349         NaN         NaN         NaN     0.04506     0.05826     0.03940     0.03379         NaN
 2008  5 16     0.03790     0.03404     0.03237         NaN         NaN     0.03760     0.03300         NaN         NaN         NaN     0.04272     0.05735     0.03854         NaN         NaN
 2008  6 15         NaN         NaN         NaN         NaN         NaN         NaN         NaN         NaN         NaN         NaN         NaN         NaN         NaN         NaN         NaN
 2008  7 16     0.03633     0.03077     0.03194     0.03091     0.03023     0.04007     0.03212     0.02979     0.03151         NaN     0.04411     0.05270     0.03430     0.03334     0.03217
 2008  8 16     0.03663     0.03125     0.03278     0.03237     0.02878     0.04838     0.03233     0.02963     0.03080     0.03133     0.04270     0.06838     0.03744     0.03591     0.03336
 2008  9 15     0.03835     0.03369     0.03617     0.03596     0.03573     0.04536     0.03200     0.03133     0.03724     0.03166     0.04837     0.06353     0.04191     0.04498     0.03693
 2008 10 16     0.03827     0.03430     0.03740     0.04251     0.03264     0.04009     0.03300     0.03495     0.04719     0.05432     0.04842     0.06507     0.04664     0.04515     0.04067
 2008 11 15     0.03632     0.03294     0.03316     0.03961     0.03747     0.03508     0.03498     0.03964     0.04613     0.06176     0.04320     0.06591     0.05636     0.04922     0.05047
 2008 12 16     0.03633     0.03522     0.03134     0.03591     0.04339     0.03323     0.03515     0.03191     0.03760     0.05786     0.03973     0.05337     0.04485     0.04311     0.05821
 2009  1 16     0.03755     0.03647     0.03112     0.03457     0.04315     0.03441     0.03680     0.02962     0.03697     0.05327     0.03963     0.05636     0.04689     0.03961     0.05458
 2009  2 14     0.04123     0.03812     0.03080     0.03385     0.03833     0.03670     0.03751     0.02914     0.03413     0.04430     0.03915     0.05476     0.04260     0.03836     0.04377
 2009  3 16     0.03867     0.03592     0.03091     0.03189     0.02835     0.03683     0.03472     0.02884     0.03366     0.03489     0.04147     0.05500     0.04034     0.03562     0.03473
 2009  4 15     0.03866     0.03519     0.03711         NaN         NaN     0.03822     0.03543         NaN         NaN         NaN     0.04847     0.06173     0.04471         NaN         NaN
 2009  6 15     0.03630     0.03209     0.03153     0.03552         NaN     0.03750     0.03247         NaN         NaN         NaN     0.04745     0.05517     0.03711     0.03365         NaN
 2009  7 16     0.03702     0.03244     0.03225     0.03088     0.03050     0.04100     0.03133     0.03065     0.03159         NaN     0.04433     0.05445     0.03611     0.03600     0.03209
 2009  8 16     0.04482     0.02726     0.03540     0.03086     0.02828     0.04788     0.03365     0.03336     0.03471         NaN         NaN         NaN         NaN         NaN         NaN
 2009  9 15     0.04555     0.03527     0.03533     0.03415     0.02680     0.05019     0.03380     0.03227     0.03378         NaN         NaN         NaN         NaN         NaN         NaN
 2009 10 16     0.03884     0.03867     0.03967     0.04150     0.03396     0.04061     0.03359     0.03588     0.04052     0.03931     0.04829     0.08129     0.04866     0.05215     0.04014
 2009 11 15     0.03658     0.03985     0.03742     0.04254     0.07320     0.03787     0.03978     0.04361     0.04709     0.07590     0.03964     0.06823     0.05217     0.04985     0.05260
 2009 12 16     0.03556     0.03750     0.03267     0.03691     0.05003     0.03502     0.03506     0.03419     0.04886     0.06689     0.03821     0.05911     0.04894     0.04527     0.05378
 2010  1 16     0.03856     0.03708     0.03241     0.03326     0.04368     0.03376     0.03546     0.03051     0.05054     0.06007     0.04007     0.06434     0.04801     0.04642     0.05178
 2010  2 14     0.03757     0.03660     0.03295     0.03395     0.03745     0.03445     0.03501     0.02943     0.04249     0.04927     0.04193     0.06432     0.04437     0.04591     0.04644
 2010  3 16     0.03723     0.03474     0.03189     0.03119     0.03110     0.03547     0.03338     0.02819     0.03313     0.03470     0.04251     0.06297     0.03880     0.03945     0.03440
 2010  4 15     0.03743     0.03422     0.03352     0.03529         NaN     0.03772     0.03502         NaN         NaN         NaN     0.04180     0.07888     0.04244     0.03593         NaN
 2010  5 16     0.03703     0.03319     0.03218         NaN         NaN     0.03927     0.03697         NaN         NaN         NaN     0.04418     0.08087         NaN         NaN         NaN
 2010  6 15     0.03602     0.03153     0.03258     0.03600         NaN     0.03784     0.03392         NaN         NaN         NaN     0.04461     0.08023     0.04195         NaN         NaN
 2010  7 16     0.03714     0.03221     0.03241     0.03146         NaN     0.03953     0.03186     0.02996     0.03087         NaN     0.04781     0.06734     0.03653     0.03603     0.03529
 2010  8 16     0.03819     0.03331     0.03326     0.03355     0.03882     0.04300     0.03230     0.02976     0.03158     0.03074     0.04900     0.06369     0.03897     0.03495     0.03219
 2010  9 15     0.04010     0.03336     0.03488     0.03882     0.03380     0.04567     0.03309     0.03134     0.03725     0.03665     0.04807     0.07923     0.04312     0.04678     0.03229
 2010 10 16     0.03910     0.03769     0.04167     0.04779     0.03349     0.03857     0.03525     0.03475     0.04636     0.07783     0.04465     0.06982     0.05164     0.05797     0.04209
 2010 11 15     0.03957     0.03735     0.04132     0.04842     0.04611     0.03517     0.03498     0.03755     0.04782     0.08892     0.04635     0.06140     0.05720     0.05636     0.05126
