  YR   DOY     ChlAtl    ChlIo     ChlPac     adg443Atl   adg443Io    adg443Pac   a443Atl     a443Io	  a443Pac
 1997 258.5     0.211     0.221     0.160     0.01567     0.01589     0.01379     0.03705     0.03738     0.03135
 1997 289.0     0.252     0.233     0.157     0.01550     0.01401     0.01249     0.04002     0.03806     0.03127
 1997 319.5     0.272     0.293     0.208     0.01447     0.01393     0.01260     0.04066     0.04213     0.03570
 1997 350.0     0.341     0.332     0.313     0.01356     0.01381     0.01203     0.04478     0.04437     0.04211
 1998  16.0     0.404     0.255     0.182     0.01508     0.01319     0.01131     0.04993     0.03927     0.03311
 1998  45.5     0.322     0.217     0.131     0.01497     0.01301     0.01079     0.04422     0.03673     0.02843
 1998  75.0     0.298     0.205     0.137     0.01638     0.01358     0.01096     0.04346     0.03578     0.02831
 1998 105.5     0.260     0.201     0.143     0.01750     0.01418     0.01160     0.04165     0.03574     0.02894
 1998 136.0     0.211     0.193     0.147     0.01630     0.01505     0.01104     0.03747     0.03498     0.02888
 1998 166.5     0.195     0.201       NaN     0.01470     0.01610         NaN     0.03547     0.03625         NaN
 1998 197.0     0.197     0.174     0.155     0.01617     0.01449     0.01302     0.03612     0.03277     0.03050
 1998 228.0     0.197     0.171     0.140     0.01750     0.01432     0.01282     0.03616     0.03226     0.02801
 1998 258.5     0.221     0.188     0.143     0.01721     0.01409     0.01306     0.03824     0.03409     0.02858
 1998 289.0     0.266     0.225     0.149     0.01625     0.01326     0.01179     0.04135     0.03680     0.02982
 1998 319.5     0.376     0.269     0.180     0.01490     0.01307     0.01199     0.04817     0.04031     0.03331
 1998 350.0     0.454     0.336     0.273     0.01564     0.01322     0.01189     0.05318     0.04427     0.03972
 1999  16.0     0.485     0.241     0.203     0.01565     0.01296     0.01177     0.05470     0.03770     0.03543
 1999  45.5     0.406     0.215     0.149     0.01840     0.01282     0.01149     0.05181     0.03599     0.03125
 1999  75.0     0.332     0.197     0.152     0.01691     0.01308     0.01182     0.04597     0.03489     0.03101
 1999 105.5     0.259     0.209     0.139     0.01706     0.01385     0.01155     0.04168     0.03616     0.02891
 1999 136.0     0.243     0.197     0.146     0.01722     0.01467     0.01120     0.04092     0.03564     0.02946
 1999 166.5     0.235     0.201       NaN     0.01676     0.01523         NaN     0.03966     0.03613         NaN
 1999 197.0     0.199     0.181     0.169     0.01592     0.01479     0.01224     0.03580     0.03380     0.02981
 1999 228.0     0.186     0.184     0.144     0.01627     0.01594     0.01325     0.03506     0.03434     0.02867
 1999 258.5     0.206     0.191     0.143     0.01616     0.01496     0.01312     0.03656     0.03487     0.02892
 1999 289.0     0.269     0.222     0.151     0.01609     0.01371     0.01230     0.04154     0.03689     0.03060
 1999 319.5     0.436     0.295     0.199     0.01464     0.01368     0.01208     0.05019     0.04198     0.03509
 1999 350.0     0.414     0.339     0.249     0.01441     0.01326     0.01271     0.04892     0.04444     0.03864
 2000  16.0     0.389     0.257     0.197     0.01478     0.01304     0.01173     0.04824     0.03920     0.03474
 2000  46.0     0.392     0.215     0.144     0.01599     0.01321     0.01151     0.04895     0.03651     0.03080
 2000  76.0     0.345     0.196     0.147     0.01696     0.01352     0.01158     0.04630     0.03518     0.03033
 2000 106.5     0.320     0.191     0.141     0.01737     0.01389     0.01139     0.04509     0.03503     0.02949
 2000 137.0     0.276     0.195     0.146     0.01780     0.01423     0.01128     0.04267     0.03556     0.02922
 2000 167.5     0.236     0.201       NaN     0.01702     0.01442         NaN     0.03998     0.03578         NaN
 2000 198.0     0.210     0.190     0.140     0.01732     0.01516     0.01103     0.03787     0.03467     0.02854
 2000 229.0     0.218     0.175     0.142     0.01724     0.01540     0.01320     0.03815     0.03320     0.02865
 2000 259.5     0.218     0.177     0.151     0.01652     0.01372     0.01339     0.03759     0.03298     0.02988
 2000 290.0     0.284     0.214     0.175     0.01744     0.01448     0.01331     0.04300     0.03672     0.03285
 2000 320.5     0.355     0.252     0.214     0.01607     0.01335     0.01256     0.04728     0.03920     0.03602
 2000 351.0     0.463     0.316     0.253     0.01564     0.01323     0.01160     0.05313     0.04331     0.03834
 2001  16.0     0.414     0.254     0.162     0.01660     0.01327     0.01063     0.05118     0.03887     0.03110
 2001  45.5     0.378     0.204     0.143     0.01703     0.01333     0.01051     0.04938     0.03553     0.02942
 2001  75.0     0.359     0.195     0.142     0.01835     0.01359     0.01116     0.04860     0.03510     0.02921
 2001 105.5     0.274     0.193     0.145     0.01825     0.01344     0.01183     0.04291     0.03507     0.02931
 2001 136.0     0.233     0.200     0.147     0.01793     0.01415     0.01042     0.03995     0.03574     0.02971
 2001 166.5     0.252     0.209       NaN     0.01758     0.01575         NaN     0.04163     0.03706         NaN
 2001 197.0     0.186     0.176     0.132     0.01560     0.01486     0.01047     0.03477     0.03357     0.02800
 2001 228.0     0.202     0.177     0.142     0.01870     0.01496     0.01275     0.03708     0.03361     0.02849
 2001 258.5     0.205     0.182     0.147     0.01812     0.01502     0.01361     0.03695     0.03409     0.02942
 2001 289.0     0.257     0.213     0.163     0.01564     0.01355     0.01273     0.04043     0.03649     0.03155
 2001 319.5     0.359     0.299     0.270     0.01508     0.01357     0.01300     0.04654     0.04259     0.04046
 2001 350.0     0.458     0.347     0.252     0.01547     0.01311     0.01222     0.05278     0.04361     0.03861
 2002  16.0     0.359     0.208     0.189     0.01471     0.01196     0.01150     0.04578     0.03542     0.03350
 2002  45.5     0.386     0.198     0.127     0.01716     0.01237     0.01048     0.04820     0.03464     0.02854
 2002  75.0     0.314     0.190     0.127     0.01598     0.01264     0.01044     0.04441     0.03435     0.02740
 2002 105.5     0.255     0.202     0.126     0.01717     0.01384     0.01040     0.04129     0.03561     0.02704
 2002 136.0     0.235     0.201     0.141     0.01684     0.01362     0.01054     0.04001     0.03557     0.02880
 2002 166.5     0.251     0.209       NaN     0.01823     0.01664         NaN     0.04186     0.03720         NaN
 2002 197.0     0.203     0.205     0.130     0.01676     0.01649     0.01049     0.03677     0.03644     0.02618
 2002 228.0     0.204     0.188     0.143     0.01725     0.01421     0.01202     0.03657     0.03368     0.02809
 2002 258.5     0.226     0.188     0.146     0.01694     0.01439     0.01230     0.03878     0.03442     0.02909
 2002 289.0     0.308     0.220     0.149     0.01734     0.01431     0.01197     0.04398     0.03710     0.02984
 2002 319.5     0.413     0.306     0.252     0.01742     0.01410     0.01228     0.05083     0.04293     0.03797
 2002 350.0     0.435     0.307     0.301     0.01562     0.01350     0.01151     0.05092     0.04248     0.04138
 2003  16.0     0.425     0.234     0.161     0.01488     0.01285     0.01110     0.04941     0.03780     0.03128
 2003  45.5     0.432     0.202     0.158     0.01749     0.01358     0.01087     0.05238     0.03554     0.03028
 2003  75.0     0.308     0.200     0.159     0.01698     0.01366     0.01145     0.04498     0.03542     0.03039
 2003 105.5     0.252     0.207     0.137     0.01687     0.01442     0.01103     0.04101     0.03620     0.02782
 2003 136.0     0.235     0.198     0.152     0.01699     0.01407     0.01174     0.03969     0.03524     0.03005
 2003 166.5     0.220     0.211       NaN     0.01691     0.01611         NaN     0.03850     0.03678         NaN
 2003 197.0     0.197     0.176     0.132     0.01694     0.01421     0.01185     0.03579     0.03300     0.02658
 2003 228.0     0.203     0.181     0.144     0.01800     0.01489     0.01341     0.03671     0.03350     0.02825
 2003 258.5     0.242     0.191     0.155     0.01775     0.01455     0.01372     0.03967     0.03453     0.03042
 2003 289.0     0.419     0.261     0.176     0.01873     0.01436     0.01323     0.05136     0.03953     0.03287
 2003 319.5     0.439     0.331     0.262     0.01664     0.01372     0.01280     0.05178     0.04378     0.03912
 2003 350.0     0.451     0.404     0.338     0.01608     0.01340     0.01160     0.05243     0.04764     0.04350
 2004  16.0     0.390     0.286     0.245     0.01625     0.01300     0.01165     0.04895     0.04071     0.03772
 2004  46.0     0.331     0.198     0.154     0.01529     0.01234     0.01163     0.04452     0.03429     0.03083
 2004  76.0     0.365     0.189     0.152     0.01783     0.01337     0.01162     0.04841     0.03419     0.03037
 2004 106.5     0.303     0.199     0.149     0.01867     0.01385     0.01182     0.04493     0.03545     0.02996
 2004 137.0     0.255     0.199     0.170     0.01887     0.01463     0.01176     0.04193     0.03566     0.03180
 2004 167.5     0.248     0.194       NaN     0.01837     0.01451         NaN     0.04125     0.03511         NaN
 2004 198.0     0.228     0.185     0.146     0.01918     0.01598     0.01321     0.03954     0.03404     0.02784
 2004 229.0     0.216     0.185     0.148     0.01831     0.01491     0.01496     0.03767     0.03377     0.02932
 2004 259.5     0.228     0.187     0.151     0.01803     0.01408     0.01360     0.03872     0.03434     0.02979
 2004 290.0     0.271     0.259     0.158     0.01712     0.01450     0.01263     0.04197     0.03949     0.03123
 2004 320.5     0.367     0.339     0.203     0.01529     0.01461     0.01227     0.04628     0.04538     0.03516
 2004 351.0     0.479     0.310     0.341     0.01579     0.01394     0.01207     0.05350     0.04281     0.04404
 2005  16.0     0.441     0.243     0.206     0.01635     0.01355     0.01179     0.05166     0.03851     0.03433
 2005  45.5     0.437     0.217     0.156     0.01825     0.01370     0.01134     0.05244     0.03669     0.03089
 2005  75.0     0.360     0.199     0.157     0.02022     0.01383     0.01201     0.04945     0.03523     0.03093
 2005 105.5     0.304     0.191     0.158     0.02027     0.01383     0.01296     0.04618     0.03483     0.03076
 2005 136.0     0.293     0.193     0.198     0.02071     0.01535     0.01501     0.04566     0.03490     0.03568
 2005 166.5     0.273     0.209       NaN     0.02140     0.01612         NaN     0.04408     0.03671         NaN
 2005 197.0     0.231     0.192     0.159     0.01671     0.01541     0.01358     0.03837     0.03419     0.02983
 2005 228.0     0.225     0.178     0.147     0.01996     0.01585     0.01373     0.03903     0.03329     0.02920
 2005 258.5     0.225     0.186     0.152     0.01793     0.01465     0.01310     0.03847     0.03399     0.02970
 2005 289.0     0.274     0.250     0.157     0.01687     0.01386     0.01256     0.04209     0.03887     0.03097
 2005 319.5     0.405     0.302     0.178     0.01620     0.01397     0.01205     0.05093     0.04252     0.03303
 2005 350.0     0.498     0.323     0.236     0.01659     0.01403     0.01174     0.05621     0.04379     0.03701
 2006  16.0     0.382     0.232     0.183     0.01655     0.01325     0.01104     0.04817     0.03791     0.03258
 2006  45.5     0.317     0.185     0.143     0.01558     0.01263     0.01104     0.04392     0.03404     0.02964
 2006  75.0     0.343     0.186     0.146     0.01710     0.01306     0.01110     0.04547     0.03431     0.02998
 2006 105.5     0.330     0.199     0.153     0.02068     0.01415     0.01140     0.04794     0.03567     0.03005
 2006 136.0     0.247     0.196     0.166     0.01754     0.01393     0.01201     0.04056     0.03498     0.03155
 2006 166.5     0.244     0.195       NaN     0.01802     0.01422         NaN     0.04041     0.03485         NaN
 2006 197.0     0.222     0.191     0.149     0.01733     0.01581     0.01233     0.03724     0.03445     0.02813
 2006 228.0     0.209     0.182     0.153     0.01747     0.01645     0.01340     0.03642     0.03385     0.02973
 2006 258.5     0.237     0.192     0.152     0.01690     0.01460     0.01390     0.03863     0.03469     0.02970
 2006 289.0     0.303     0.267     0.168     0.01717     0.01423     0.01337     0.04412     0.03999     0.03205
 2006 319.5     0.384     0.374     0.190     0.01654     0.01432     0.01260     0.04905     0.04670     0.03395
 2006 350.0     0.440     0.359     0.236     0.01635     0.01416     0.01219     0.05165     0.04519     0.03703
 2007  16.0     0.398     0.247     0.181     0.01622     0.01375     0.01194     0.04918     0.03859     0.03302
 2007  45.5     0.387     0.200     0.147     0.01725     0.01336     0.01133     0.04922     0.03505     0.03026
 2007  75.0     0.316     0.199     0.155     0.01702     0.01319     0.01194     0.04476     0.03515     0.03052
 2007 105.5     0.283     0.200     0.160     0.01786     0.01402     0.01284     0.04276     0.03534     0.03085
 2007 136.0     0.240     0.193     0.161     0.01755     0.01447     0.01141     0.03963     0.03471     0.03064
 2007 166.5     0.273     0.203       NaN     0.01998     0.01548         NaN     0.04332     0.03538         NaN
 2007 197.0     0.221     0.190     0.146     0.01739     0.01515     0.01062     0.03780     0.03373     0.02866
 2007 228.0     0.229     0.181     0.152     0.01939     0.01515     0.01342     0.03892     0.03345     0.02938
 2007 258.5     0.250     0.196     0.155     0.01753     0.01529     0.01355     0.04010     0.03488     0.03005
 2007 289.0     0.324     0.249     0.176     0.01901     0.01492     0.01341     0.04619     0.03901     0.03242
 2007 319.5     0.396     0.330     0.236     0.01687     0.01413     0.01305     0.04986     0.04451     0.03772
 2007 350.0     0.414     0.302     0.296     0.01557     0.01444     0.01250     0.04996     0.04222     0.04120
 2008  16.0       NaN       NaN       NaN     0.01896     0.01345     0.01331     0.04557     0.03392     0.03234
 2008 106.5     0.314     0.186     0.170     0.01828     0.01433     0.01120     0.04303     0.03469     0.03190
 2008 137.0     0.276     0.191     0.167     0.01697     0.01358         NaN     0.04048     0.03510         NaN
 2008 167.5     0.246     0.197       NaN         NaN         NaN         NaN         NaN         NaN         NaN
 2008 198.0       NaN       NaN       NaN     0.01941     0.01545     0.01475     0.03949     0.03370     0.03031
 2008 229.0     0.230     0.182     0.156     0.01798     0.01537     0.01361     0.04083     0.03557     0.03033
 2008 259.5     0.254     0.200     0.157     0.01848     0.01483     0.01314     0.05033     0.03835     0.03164
 2008 290.0     0.389     0.236     0.162     0.01823     0.01465     0.01283     0.05780     0.04129     0.03499
 2008 320.5     0.502     0.275     0.202     0.01805     0.01360     0.01234     0.05704     0.04024     0.04133
 2008 351.0     0.499     0.272     0.299     0.01788     0.01295     0.01160     0.05177     0.03767     0.03479
 2009  16.0     0.435     0.231     0.213     0.02124     0.01392     0.01151     0.05664     0.03739     0.03165
 2009  45.5     0.479     0.229     0.159     0.02343     0.01392     0.01228     0.05607     0.03630     0.03122
 2009  75.0     0.444     0.213     0.156     0.02263     0.01411     0.01259     0.05085     0.03626     0.03087
 2009 105.5     0.366     0.212     0.157     0.01888     0.01626         NaN     0.04410     0.03870         NaN
 2009 166.5     0.295     0.238       NaN     0.01937     0.01373     0.01368     0.04294     0.03395     0.03091
 2009 197.0     0.265     0.192     0.172     0.02062     0.01666     0.01360     0.04043     0.03585     0.03081
 2009 228.0     0.237     0.207     0.163         NaN         NaN     0.01513         NaN         NaN     0.03386
 2009 258.5       NaN       NaN     0.186         NaN     0.01193     0.01304         NaN     0.03441     0.03347
 2009 289.0       NaN     0.181     0.177     0.01804     0.01441     0.01293     0.05783     0.04568     0.03800
 2009 319.5     0.515     0.346     0.252     0.01703     0.01364     0.01262     0.06032     0.04394     0.04188
 2009 350.0     0.583     0.336     0.301     0.01642     0.01283     0.01165     0.05533     0.03808     0.03619
 2010  16.0     0.495     0.238     0.221     0.01890     0.01303     0.01214     0.06305     0.03683     0.03303
 2010  45.5     0.601     0.223     0.181     0.02137     0.01402     0.01206     0.05932     0.03766     0.03125
 2010  75.0     0.503     0.228     0.159     0.01914     0.01405     0.01154     0.05064     0.03675     0.03054
 2010 105.5     0.377     0.216     0.155     0.01871     0.01410     0.00998     0.04913     0.03784     0.03052
 2010 136.0     0.348     0.226     0.159     0.01594     0.01162         NaN     0.04468     0.03622         NaN
 2010 166.5     0.300     0.215       NaN     0.01793     0.01426     0.00994     0.04043     0.03553     0.03519
 2010 197.0     0.243     0.206     0.238     0.02093     0.01575     0.01472     0.04086     0.03458     0.03202
 2010 228.0     0.238     0.192     0.170     0.02076     0.01697     0.01514     0.04207     0.03645     0.03132
 2010 258.5     0.254     0.206     0.162     0.02048     0.01512     0.01324     0.05054     0.03778     0.03173
 2010 289.0     0.390     0.225     0.165     0.01839     0.01481     0.01279     0.06319     0.04449     0.03612
 2010 319.5     0.622     0.326     0.216     0.02039     0.01459     0.01342     0.06921     0.04632     0.04024
